0.46375650 -0.88309340 -0.07124569 5736393.71011758 0.88589780 0.46319408 0.02522582 620164.98406615 0.01072383 -0.07481503 0.99713976 113.08899584
0.46373933 -0.88310105 -0.07126271 5736393.71115714 0.88590677 0.46317657 0.02523202 620164.98270336 0.01072479 -0.07483319 0.99713839 113.08878544
0.46371085 -0.88311493 -0.07127604 5736393.71258781 0.88592175 0.46314734 0.02524271 620164.98169167 0.01071910 -0.07485032 0.99713717 113.08861609
0.46370217 -0.88311998 -0.07126993 5736393.71420290 0.88592645 0.46313780 0.02525291 620164.98055646 0.01070645 -0.07484974 0.99713735 113.08844975
0.46370933 -0.88311599 -0.07127276 5736393.71570626 0.88592270 0.46314486 0.02525500 620164.97942456 0.01070652 -0.07485314 0.99713709 113.08831955
0.46372376 -0.88310853 -0.07127128 5736393.71725032 0.88591498 0.46316045 0.02523990 620164.97826835 0.01072046 -0.07484463 0.99713758 113.08818700
0.46372384 -0.88310971 -0.07125614 5736393.71886763 0.88591484 0.46316162 0.02522312 620164.97705602 0.01072833 -0.07482343 0.99713909 113.08799827
0.46372932 -0.88310679 -0.07125664 5736393.72039161 0.88591193 0.46316736 0.02522000 620164.97595675 0.01073179 -0.07482236 0.99713913 113.08778358
0.46374704 -0.88309548 -0.07128153 5736393.69620310 0.88590248 0.46318549 0.02521891 620164.95372399 0.01074586 -0.07484369 0.99713738 113.10144098
0.46375340 -0.88309268 -0.07127490 5736393.69774956 0.88589901 0.46319301 0.02520272 620164.95244549 0.01075770 -0.07483022 0.99713826 113.10125110
0.46374915 -0.88309611 -0.07125996 5736393.69924135 0.88590137 0.46318828 0.02520690 620164.95131613 0.01074667 -0.07481898 0.99713922 113.10103207
0.46374428 -0.88309862 -0.07126055 5736393.70079581 0.88590399 0.46318291 0.02521335 620164.95001072 0.01074079 -0.07482255 0.99713902 113.10077512
0.46374143 -0.88310140 -0.07124459 5736393.70228354 0.88590540 0.46318106 0.02519763 620164.94881573 0.01074708 -0.07480115 0.99714056 113.10053917
0.46374921 -0.88309778 -0.07123886 5736393.70360467 0.88590126 0.46318946 0.02518880 620164.94775823 0.01075292 -0.07479188 0.99714119 113.10032274
0.46375694 -0.88309269 -0.07125169 5736393.70522835 0.88589715 0.46319725 0.02519018 620164.94641497 0.01075832 -0.07480378 0.99714024 113.10001914
0.46375108 -0.88309550 -0.07125496 5736393.70676854 0.88590016 0.46319173 0.02518591 620164.94515651 0.01076314 -0.07480477 0.99714011 113.09972290
0.46374649 -0.88309736 -0.07126182 5736393.70818362 0.88590258 0.46318684 0.02519072 620164.94391849 0.01076168 -0.07481313 0.99713950 113.09942934
0.46375158 -0.88309399 -0.07127042 5736393.70975458 0.88590004 0.46319077 0.02520767 620164.94249054 0.01075106 -0.07482857 0.99713846 113.09909657
0.46375347 -0.88309522 -0.07124293 5736393.71122966 0.88589914 0.46319283 0.02520149 620164.94123137 0.01074390 -0.07480133 0.99714058 113.09879999
0.46375178 -0.88309724 -0.07122892 5736393.71269662 0.88589995 0.46319209 0.02518663 620164.93991455 0.01075043 -0.07478204 0.99714195 113.09854218
0.46375115 -0.88309692 -0.07123689 5736393.71425690 0.88590017 0.46319193 0.02518160 620164.93858947 0.01075856 -0.07478677 0.99714151 113.09829713
0.46375077 -0.88309789 -0.07122736 5736393.71574871 0.88590042 0.46319148 0.02518118 620164.93727324 0.01075447 -0.07477814 0.99714220 113.09803021
0.46375208 -0.88309758 -0.07122275 5736393.71738390 0.88589979 0.46319260 0.02518308 620164.93583948 0.01075074 -0.07477492 0.99714248 113.09771818
0.46375256 -0.88309562 -0.07124378 5736393.71897526 0.88589958 0.46319218 0.02519820 620164.93446482 0.01074715 -0.07480057 0.99714060 113.09740025
0.46375374 -0.88309546 -0.07123820 5736393.72044182 0.88589897 0.46319345 0.02519614 620164.93315094 0.01074647 -0.07479465 0.99714105 113.09709175
0.46357661 -0.88319215 -0.07119233 5736393.68991534 0.88599148 0.46301969 0.02513710 620164.96496018 0.01076257 -0.07472877 0.99714582 113.10778325
0.46357176 -0.88319434 -0.07119679 5736393.69176774 0.88599402 0.46301468 0.02513966 620164.96405339 0.01076195 -0.07473397 0.99714543 113.10786860
0.46356579 -0.88319611 -0.07121371 5736393.69320888 0.88599714 0.46300825 0.02514798 620164.96281999 0.01076194 -0.07475289 0.99714401 113.10751118
0.46356088 -0.88319674 -0.07123786 5736393.69457771 0.88599973 0.46300253 0.02516210 620164.96168540 0.01076023 -0.07478089 0.99714193 113.10717538
0.46356736 -0.88319113 -0.07126522 5736393.69576650 0.88599636 0.46300809 0.02517865 620164.96066714 0.01075881 -0.07481273 0.99713956 113.10689516
0.46357083 -0.88318932 -0.07126503 5736393.69729804 0.88599448 0.46301197 0.02517328 620164.95941925 0.01076379 -0.07481002 0.99713971 113.10652671
0.46356704 -0.88319400 -0.07123169 5736393.69859534 0.88599646 0.46300914 0.02515544 620164.95830499 0.01076379 -0.07477226 0.99714254 113.10615324
0.46356370 -0.88319797 -0.07120421 5736393.69982463 0.88599828 0.46300615 0.02514661 620164.95727307 0.01075856 -0.07474386 0.99714473 113.10576936
0.46356705 -0.88319803 -0.07118162 5736393.70117519 0.88599662 0.46300950 0.02514361 620164.95608515 0.01075098 -0.07472243 0.99714642 113.10536855
0.46357007 -0.88319653 -0.07118067 5736393.70253331 0.88599510 0.46301209 0.02514921 620164.95490842 0.01074581 -0.07472415 0.99714634 113.10502668
0.46357270 -0.88319215 -0.07121781 5736393.70399122 0.88599366 0.46301410 0.02516296 620164.95373783 0.01075112 -0.07476339 0.99714334 113.10467821
0.46357151 -0.88319046 -0.07124650 5736393.70537184 0.88599414 0.46301309 0.02516463 620164.95252392 0.01076290 -0.07478959 0.99714125 113.10427083
0.46356996 -0.88319055 -0.07125543 5736393.70669302 0.88599490 0.46301165 0.02516444 620164.95139739 0.01076710 -0.07479743 0.99714062 113.10388478
0.46357487 -0.88318873 -0.07124614 5736393.70810078 0.88599235 0.46301665 0.02516218 620164.95017993 0.01076519 -0.07478809 0.99714134 113.10350514
0.46357297 -0.88319197 -0.07121826 5736393.70934700 0.88599342 0.46301504 0.02515412 620164.94903111 0.01075921 -0.07475968 0.99714354 113.10315065
0.46356524 -0.88319746 -0.07120054 5736393.71067949 0.88599754 0.46300732 0.02515110 620164.94785074 0.01075298 -0.07474268 0.99714488 113.10277972
0.46346946 -0.88325179 -0.07115014 5736393.67158039 0.88604742 0.46291494 0.02509440 620164.96937331 0.01077179 -0.07467288 0.99714990 113.10494946
0.46347572 -0.88324771 -0.07115990 5736393.67231995 0.88604408 0.46292132 0.02509460 620164.96823789 0.01077669 -0.07468155 0.99714920 113.10449608
0.46347762 -0.88324473 -0.07118451 5736393.67348513 0.88604303 0.46292293 0.02510208 620164.96710168 0.01078166 -0.07470679 0.99714726 113.10414570
0.46347283 -0.88324600 -0.07119996 5736393.67462342 0.88604561 0.46291723 0.02511617 620164.96604654 0.01077593 -0.07472708 0.99714580 113.10381238
0.46346974 -0.88324755 -0.07120094 5736393.67562867 0.88604731 0.46291351 0.02512450 620164.96507336 0.01076872 -0.07473185 0.99714552 113.10350277
0.46347292 -0.88324782 -0.07117680 5736393.67676573 0.88604568 0.46291713 0.02511545 620164.96383996 0.01076579 -0.07470622 0.99714747 113.10307830
0.46347221 -0.88324994 -0.07115511 5736393.67789641 0.88604608 0.46291681 0.02510703 620164.96280249 0.01076311 -0.07468312 0.99714923 113.10270071
0.46346700 -0.88325378 -0.07114133 5736393.67895054 0.88604881 0.46291202 0.02509917 620164.96177690 0.01076324 -0.07466733 0.99715041 113.10237489
0.46346871 -0.88325298 -0.07114020 5736393.68024818 0.88604793 0.46291365 0.02510026 620164.96052260 0.01076189 -0.07466681 0.99715046 113.10200513
0.46346984 -0.88325133 -0.07115333 5736393.68138962 0.88604733 0.46291447 0.02510623 620164.95934654 0.01076279 -0.07468120 0.99714938 113.10162575
0.46346818 -0.88325092 -0.07116917 5736393.68262247 0.88604818 0.46291246 0.02511313 620164.95817652 0.01076390 -0.07469845 0.99714807 113.10124644
0.46346808 -0.88325035 -0.07117694 5736393.68386363 0.88604824 0.46291213 0.02511732 620164.95696935 0.01076379 -0.07470728 0.99714741 113.10085512
0.46346778 -0.88325045 -0.07117772 5736393.68507773 0.88604838 0.46291189 0.02511657 620164.95576673 0.01076479 -0.07470763 0.99714738 113.10049082
0.46346453 -0.88325291 -0.07116833 5736393.68628747 0.88605007 0.46290901 0.02511021 620164.95452694 0.01076579 -0.07469640 0.99714821 113.10011921
0.46346072 -0.88325488 -0.07116870 5736393.68756843 0.88605203 0.46290542 0.02510707 620164.95334953 0.01076844 -0.07469531 0.99714826 113.09976002
0.46346659 -0.88325118 -0.07117640 5736393.68885294 0.88604891 0.46291145 0.02510635 620164.95217654 0.01077315 -0.07470172 0.99714773 113.09941368
0.46346592 -0.88325223 -0.07116765 5736393.66142861 0.88604890 0.46291350 0.02506874 620164.97851540 0.01080244 -0.07467653 0.99714930 113.10555777
0.46347144 -0.88324888 -0.07117331 5736393.66266436 0.88604603 0.46291870 0.02507409 620164.97769497 0.01080079 -0.07468395 0.99714876 113.10533367
0.46347397 -0.88324655 -0.07118577 5736393.66382200 0.88604465 0.46292128 0.02507524 620164.97671691 0.01080579 -0.07469549 0.99714784 113.10502087
0.46347430 -0.88324671 -0.07118166 5736393.66505530 0.88604444 0.46292193 0.02507056 620164.97568918 0.01080806 -0.07468967 0.99714825 113.10468183
0.46347775 -0.88324582 -0.07117023 5736393.66606915 0.88604262 0.46292583 0.02506303 620164.97482993 0.01080972 -0.07467601 0.99714926 113.10435790
0.46348425 -0.88324319 -0.07116045 5736393.66737496 0.88603928 0.46293220 0.02506353 620164.97366381 0.01080527 -0.07466751 0.99714994 113.10394997
0.46348237 -0.88324515 -0.07114834 5736393.66856399 0.88604031 0.46293030 0.02506205 620164.97261940 0.01080079 -0.07465611 0.99715084 113.10356826
0.46347893 -0.88324665 -0.07115221 5736393.66972909 0.88604213 0.46292667 0.02506487 620164.97163099 0.01079979 -0.07466090 0.99715050 113.10320101
0.46348023 -0.88324449 -0.07117061 5736393.67114657 0.88604142 0.46292760 0.02507248 620164.97046867 0.01080171 -0.07468070 0.99714899 113.10276975
0.46347860 -0.88324466 -0.07117904 5736393.67239207 0.88604223 0.46292609 0.02507215 620164.96936598 0.01080579 -0.07468804 0.99714840 113.10237081
0.46348041 -0.88324397 -0.07117587 5736393.67363101 0.88604134 0.46292754 0.02507655 620164.96826944 0.01080056 -0.07468725 0.99714852 113.10197753
0.46347742 -0.88324504 -0.07118202 5736393.67500456 0.88604293 0.46292420 0.02508200 620164.96708005 0.01079832 -0.07469527 0.99714794 113.10159879
0.46347703 -0.88324604 -0.07117218 5736393.67622164 0.88604309 0.46292441 0.02507256 620164.96600038 0.01080210 -0.07468218 0.99714888 113.10124856
0.46347987 -0.88324589 -0.07115546 5736393.67763316 0.88604156 0.46292803 0.02505992 620164.96485080 0.01080579 -0.07466146 0.99715039 113.10087676
0.46348557 -0.88324248 -0.07116074 5736393.67898941 0.88603852 0.46293397 0.02505766 620164.96374612 0.01081074 -0.07466502 0.99715007 113.10053001
0.46347690 -0.88324597 -0.07117384 5736393.68031377 0.88604293 0.46292584 0.02505197 620164.96266742 0.01082115 -0.07467408 0.99714928 113.10018932
0.46332440 -0.88332762 -0.07115349 5736393.65124568 0.88612278 0.46277381 0.02503621 620164.98283655 0.01081280 -0.07465061 0.99715113 113.10521648
0.46332677 -0.88332588 -0.07115967 5736393.65240778 0.88612174 0.46277466 0.02505755 620164.98181587 0.01079691 -0.07466597 0.99715015 113.10496274
0.46333255 -0.88332328 -0.07115432 5736393.65346729 0.88611860 0.46278133 0.02504517 620164.98083407 0.01080591 -0.07465541 0.99715084 113.10465571
0.46333583 -0.88332110 -0.07115991 5736393.65459227 0.88611658 0.46278654 0.02502037 620164.97986826 0.01083083 -0.07464881 0.99715107 113.10438624
0.46333035 -0.88332407 -0.07115886 5736393.65559764 0.88611937 0.46278168 0.02501166 620164.97901863 0.01083761 -0.07464391 0.99715136 113.10414096
0.46332652 -0.88332835 -0.07113061 5736393.65685078 0.88612163 0.46277685 0.02502072 620164.97795394 0.01081609 -0.07462313 0.99715315 113.10376841
0.46333026 -0.88332615 -0.07113355 5736393.65798560 0.88611984 0.46277937 0.02503759 620164.97692114 0.01080278 -0.07463352 0.99715251 113.10342981
0.46333358 -0.88332400 -0.07113865 5736393.65899479 0.88611809 0.46278260 0.02503977 620164.97595789 0.01080350 -0.07463901 0.99715210 113.10312883
0.46332797 -0.88332642 -0.07114517 5736393.66024762 0.88612088 0.46277782 0.02502928 620164.97493391 0.01081539 -0.07463998 0.99715189 113.10280550
0.46332340 -0.88332739 -0.07116279 5736393.66148542 0.88612312 0.46277383 0.02502394 620164.97390852 0.01082794 -0.07465317 0.99715077 113.10252550
0.46332284 -0.88332777 -0.07116174 5736393.66271470 0.88612331 0.46277401 0.02501395 620164.97288478 0.01083629 -0.07464761 0.99715110 113.10220569
0.46332958 -0.88332532 -0.07114822 5736393.66385574 0.88612000 0.46277961 0.02502751 620164.97182758 0.01081851 -0.07464185 0.99715172 113.10183715
0.46332731 -0.88332706 -0.07114141 5736393.66499338 0.88612139 0.46277619 0.02504179 620164.97075007 0.01080246 -0.07464247 0.99715185 113.10148375
0.46331897 -0.88333147 -0.07114105 5736393.66628945 0.88612561 0.46276883 0.02502826 620164.96967675 0.01081361 -0.07463597 0.99715221 113.10115007
0.46332094 -0.88333018 -0.07114415 5736393.66753711 0.88612440 0.46277195 0.02501342 620164.96864292 0.01082841 -0.07463181 0.99715236 113.10084291
0.46332279 -0.88333256 -0.07110258 5736393.64051490 0.88612340 0.46277520 0.02498878 620164.98505756 0.01083111 -0.07458353 0.99715595 113.10305942
0.46332404 -0.88333080 -0.07111629 5736393.64155606 0.88612276 0.46277594 0.02499757 620164.98407513 0.01082979 -0.07459974 0.99715475 113.10274106
0.46332344 -0.88333025 -0.07112704 5736393.64260004 0.88612307 0.46277508 0.02500267 620164.98302701 0.01083021 -0.07461163 0.99715386 113.10244105
0.46332045 -0.88333149 -0.07113115 5736393.64374225 0.88612453 0.46277267 0.02499534 620164.98205854 0.01083838 -0.07461191 0.99715375 113.10214067
0.46331497 -0.88333443 -0.07113039 5736393.64589027 0.88612737 0.46276742 0.02499181 620164.98003804 0.01084070 -0.07460967 0.99715389 113.10148945
0.46331947 -0.88333236 -0.07112678 5736393.64690869 0.88612512 0.46277129 0.02500000 620164.97905094 0.01083213 -0.07461021 0.99715394 113.10117576
0.46331786 -0.88333288 -0.07113080 5736393.64796900 0.88612596 0.46276962 0.02500120 620164.97811289 0.01083279 -0.07461435 0.99715362 113.10089519
0.46331095 -0.88333602 -0.07113674 5736393.64917233 0.88612951 0.46276299 0.02499812 620164.97706229 0.01083771 -0.07461827 0.99715328 113.10055809
0.46331738 -0.88333335 -0.07112802 5736393.65141850 0.88612610 0.46277001 0.02498930 620164.97515769 0.01084203 -0.07460637 0.99715412 113.09990444
0.46331807 -0.88333426 -0.07111220 5736393.65248130 0.88612570 0.46277141 0.02497748 620164.97417143 0.01084523 -0.07458687 0.99715554 113.09959048
0.46331292 -0.88333753 -0.07110522 5736393.65355647 0.88612843 0.46276619 0.02497721 620164.97316118 0.01084179 -0.07458062 0.99715605 113.09931363
0.46330332 -0.88334477 -0.07107772 5736393.65584353 0.88613379 0.46275508 0.02499302 620164.97105773 0.01081412 -0.07456372 0.99715761 113.09864373
0.46331663 -0.88333460 -0.07111738 5736393.65694232 0.88612658 0.46276889 0.02499264 620164.97010357 0.01083404 -0.07459850 0.99715480 113.09837617
0.46336982 -0.88330478 -0.07114117 5736393.64047971 0.88609821 0.46282508 0.02495826 620164.99263861 0.01088017 -0.07460296 0.99715396 113.10695156
0.46335895 -0.88331023 -0.07114434 5736393.64279497 0.88610405 0.46281304 0.02497393 620164.99116908 0.01086680 -0.07461318 0.99715334 113.10662865
0.46337080 -0.88330487 -0.07113372 5736393.64382461 0.88609797 0.46282439 0.02497948 620164.99027483 0.01085792 -0.07460620 0.99715396 113.10633956
0.46338168 -0.88329909 -0.07113461 5736393.64484939 0.88609215 0.46283607 0.02496945 620164.98955436 0.01086817 -0.07460221 0.99715415 113.10614905
0.46335846 -0.88331072 -0.07114142 5736393.64722999 0.88610403 0.46281457 0.02494649 620164.98781067 0.01088978 -0.07459787 0.99715424 113.10583233
0.46336392 -0.88330811 -0.07113834 5736393.64824889 0.88610132 0.46281909 0.02495881 620164.98698091 0.01087786 -0.07460079 0.99715415 113.10561868
0.46338808 -0.88329725 -0.07111576 5736393.64938262 0.88608884 0.46284270 0.02496379 620164.98603552 0.01086497 -0.07458280 0.99715563 113.10534628
0.46338807 -0.88329615 -0.07112949 5736393.65175014 0.88608857 0.46284420 0.02494576 620164.98440200 0.01088738 -0.07458660 0.99715511 113.10504333
0.46337946 -0.88329981 -0.07114009 5736393.65293175 0.88609291 0.46283642 0.02493588 620164.98349712 0.01090037 -0.07459151 0.99715460 113.10488623
0.46339211 -0.88329262 -0.07114698 5736393.65411741 0.88608634 0.46284857 0.02494399 620164.98262811 0.01089743 -0.07460121 0.99715390 113.10466699
0.46339783 -0.88328886 -0.07115643 5736393.65651311 0.88608370 0.46285159 0.02498173 620164.98068804 0.01086879 -0.07462703 0.99715228 113.10424919
0.46337031 -0.88330450 -0.07114146 5736393.64005676 0.88609786 0.46282616 0.02495052 620164.99200196 0.01088722 -0.07459963 0.99715413 113.10480877
0.46335550 -0.88331432 -0.07111602 5736393.63372257 0.88610527 0.46281445 0.02490464 620164.99627166 0.01091490 -0.07455598 0.99715709 113.10497780
0.46336090 -0.88331081 -0.07112446 5736393.63470792 0.88610235 0.46282021 0.02490123 620164.99555743 0.01092231 -0.07456181 0.99715658 113.10481596
0.46336346 -0.88330863 -0.07113485 5736393.63689921 0.88610124 0.46282090 0.02492793 620164.99389305 0.01090364 -0.07458337 0.99715517 113.10452216
0.46336105 -0.88330883 -0.07114805 5736393.63780665 0.88610249 0.46281822 0.02493327 620164.99317946 0.01090484 -0.07459757 0.99715409 113.10443618
0.46336375 -0.88330639 -0.07116082 5736393.63906437 0.88610098 0.46282120 0.02493157 620164.99231922 0.01091253 -0.07460806 0.99715323 113.10430132
0.46336608 -0.88330810 -0.07112438 5736393.64104191 0.88609971 0.46282488 0.02490828 620164.99078359 0.01091645 -0.07456494 0.99715641 113.10406058
0.46336376 -0.88330974 -0.07111909 5736393.64213261 0.88610101 0.46282217 0.02491259 620164.98993566 0.01090996 -0.07456229 0.99715668 113.10402061
0.46336905 -0.88330666 -0.07112290 5736393.64315622 0.88609830 0.46282690 0.02492091 620164.98911739 0.01090478 -0.07456946 0.99715620 113.10398833
0.46337086 -0.88330163 -0.07117362 5736393.64531695 0.88609725 0.46282805 0.02493720 620164.98749711 0.01091408 -0.07462192 0.99715217 113.10380747
0.46337073 -0.88330006 -0.07119394 5736393.64631724 0.88609727 0.46282769 0.02494326 620164.98677265 0.01091815 -0.07464273 0.99715057 113.10369572
0.46337621 -0.88330190 -0.07113535 5736393.64862693 0.88609619 0.46282249 0.02507774 620164.98565981 0.01077182 -0.07465319 0.99715138 113.10325437
0.46340620 -0.88329327 -0.07104708 5736393.63293506 0.88608289 0.46283820 0.02525707 620164.99118018 0.01057391 -0.07465789 0.99715314 113.10443759
0.46349948 -0.88325733 -0.07088523 5736393.62742150 0.88603779 0.46290931 0.02553447 620164.99490144 0.01025993 -0.07464221 0.99715760 113.10445492
0.46358143 -0.88322490 -0.07075333 5736393.62993884 0.88599802 0.46297189 0.02577873 620164.99746102 0.00998838 -0.07463785 0.99716068 113.10380388
0.46357494 -0.88323293 -0.07069566 5736393.63752701 0.88600376 0.46294941 0.02598431 620165.00635889 0.00977831 -0.07468230 0.99715944 113.10318294
0.46352288 -0.88326174 -0.07067700 5736393.64174960 0.88603087 0.46289910 0.02595629 620165.01156052 0.00979012 -0.07465334 0.99716149 113.10323318
0.46330558 -0.88338008 -0.07062280 5736393.65362240 0.88614378 0.46268981 0.02583292 620165.02726152 0.00985616 -0.07455049 0.99716853 113.10363128
0.46316010 -0.88345628 -0.07062380 5736393.65970181 0.88621927 0.46254910 0.02576313 620165.03558765 0.00990638 -0.07452063 0.99717027 113.10381948
0.46292305 -0.88357721 -0.07066517 5736393.66736632 0.88634237 0.46231740 0.02568724 620165.04635019 0.00997308 -0.07452475 0.99716929 113.10400165
0.46231260 -0.88390798 -0.07052479 5736393.68439979 0.88666611 0.46167377 0.02608703 620165.07121937 0.00950092 -0.07459230 0.99716885 113.10330641
0.46192756 -0.88414396 -0.07008841 5736393.69500201 0.88687254 0.46125661 0.02644688 620165.08757748 0.00894590 -0.07437602 0.99719014 113.10249898
0.46147676 -0.88442213 -0.06954640 5736393.70662440 0.88711247 0.46077872 0.02672884 620165.10583942 0.00840593 -0.07403021 0.99722057 113.10175128
0.46005107 -0.88524343 -0.06853531 5736393.73551742 0.88786077 0.45931425 0.02708629 620165.15265339 0.00750128 -0.07331089 0.99728093 113.10080493
0.45908294 -0.88577465 -0.06816245 5736393.70251639 0.88836407 0.45833812 0.02711901 620165.06430357 0.00722012 -0.07300295 0.99730559 113.22958997
0.45788844 -0.88640981 -0.06793988 5736393.72156538 0.88898318 0.45712561 0.02729621 620165.09555746 0.00686143 -0.07289603 0.99731594 113.22916185
0.45517998 -0.88786425 -0.06714357 5736393.76344665 0.89038249 0.45434077 0.02816884 620165.16478943 0.00549596 -0.07260535 0.99734561 113.22685928
0.45353939 -0.88878214 -0.06609335 5736393.78723991 0.89122523 0.45265350 0.02867761 620165.20454400 0.00442924 -0.07191049 0.99740125 113.22519908
0.45200016 -0.88964128 -0.06507105 5736393.80845437 0.89201026 0.45109316 0.02885580 620165.24064248 0.00368180 -0.07108687 0.99746333 113.22419517
0.44808210 -0.89173777 -0.06345228 5736393.86317216 0.89398805 0.44717172 0.02868502 620165.33877627 0.00279455 -0.06957883 0.99757254 113.22417548
0.44600902 -0.89287211 -0.06209142 5736393.88884073 0.89502534 0.44511616 0.02830627 620165.38384185 0.00236402 -0.06819824 0.99766899 113.22467059
0.44318233 -0.89432915 -0.06135790 5736393.92061273 0.89643031 0.44225352 0.02871446 620165.43923183 0.00145557 -0.06772882 0.99770271 113.22456302
0.43824637 -0.89672693 -0.06181366 5736393.98238031 0.89885488 0.43719860 0.03028667 620165.54905934 -0.00013402 -0.06883453 0.99762808 113.22340771
0.43606239 -0.89777717 -0.06201402 5736394.01557101 0.89991642 0.43501314 0.03023249 620165.60891819 -0.00016513 -0.06899069 0.99761729 113.22350649
0.43376664 -0.89889659 -0.06189838 5736394.04857548 0.90102525 0.43273745 0.02986303 620165.66855705 -0.00005803 -0.06872559 0.99763560 113.22394077
0.42768808 -0.90186075 -0.06107453 5736394.12066326 0.90392633 0.42668829 0.02922813 620165.80073767 -0.00029992 -0.06770740 0.99770518 113.22419576
0.42435393 -0.90348347 -0.06034371 5736394.13567480 0.90549616 0.42336105 0.02901956 620165.83299936 -0.00067151 -0.06695556 0.99775573 113.25906292
0.42084415 -0.90518550 -0.05940890 5736394.16650911 0.90713180 0.41983548 0.02915602 620165.89332170 -0.00144965 -0.06616184 0.99780785 113.27274733
0.41777997 -0.90668795 -0.05811067 5736394.20419352 0.90854504 0.41675346 0.02936783 620165.96579798 -0.00240963 -0.06506545 0.99787809 113.27152331
0.41037347 -0.91010867 -0.05740926 5736394.29056307 0.91191137 0.40932496 0.02950814 620166.13135782 -0.00335657 -0.06446152 0.99791455 113.27000870
0.40689785 -0.91165332 -0.05763988 5736394.32965472 0.91346856 0.40587369 0.02901271 620166.20641665 -0.00305502 -0.06445743 0.99791578 113.27036832
0.40268610 -0.91356666 -0.05691980 5736394.37977499 0.91533442 0.40172786 0.02788608 620166.30579562 -0.00260952 -0.06332999 0.99798923 113.27115609
0.39499613 -0.91701993 -0.05524951 5736394.46846051 0.91867443 0.39402106 0.02801250 620166.48697861 -0.00391855 -0.06182115 0.99807955 113.27043864
0.39065399 -0.91894140 -0.05418635 5736394.51951950 0.92052121 0.38961851 0.02895013 620166.59252059 -0.00549147 -0.06118917 0.99811108 113.26927023
0.38315313 -0.92212006 -0.05374265 5736394.61756582 0.92366738 0.38213906 0.02843099 620166.79679119 -0.00567962 -0.06053376 0.99814999 113.27078877
0.37974442 -0.92348250 -0.05453665 5736394.66941278 0.92507773 0.37875738 0.02782154 620166.90741752 -0.00503654 -0.06101571 0.99812410 113.27326596
0.37320496 -0.92625619 -0.05260726 5736394.77324096 0.92773780 0.37232235 0.02605090 620167.13404805 -0.00454295 -0.05852806 0.99827543 113.27601479
0.36957351 -0.92777931 -0.05139041 5736394.82620290 0.92919045 0.36873374 0.02530900 620167.25166098 -0.00453179 -0.05710502 0.99835789 113.27568185
0.36631039 -0.92915435 -0.04988883 5736394.85757716 0.93048035 0.36550216 0.02478906 620167.34190621 -0.00479839 -0.05550107 0.99844710 113.29969491
0.36357143 -0.93035842 -0.04742385 5736394.91294473 0.93154887 0.36278160 0.02462143 620167.47061661 -0.00570225 -0.05312928 0.99857136 113.29833224
0.36149513 -0.93129794 -0.04478182 5736394.96502164 0.93235039 0.36072698 0.02447037 620167.59332805 -0.00663519 -0.05059827 0.99869705 113.29806758
0.35932907 -0.93225053 -0.04232701 5736395.02242212 0.93318127 0.35858633 0.02426037 620167.72919785 -0.00743886 -0.04821623 0.99880922 113.29965810
0.35687331 -0.93320862 -0.04198943 5736395.07966566 0.93411449 0.35609098 0.02508630 620167.86294380 -0.00845869 -0.04817556 0.99880307 113.30156255
0.35461767 -0.93400569 -0.04335518 5736395.13012786 0.93496592 0.35376169 0.02629456 620167.97887205 -0.00922186 -0.04986013 0.99871363 113.30344937
0.35187350 -0.93493573 -0.04560940 5736395.19952628 0.93600136 0.35095410 0.02706793 620168.13549293 -0.00929997 -0.05221495 0.99859256 113.30711848
0.35010676 -0.93545708 -0.04842843 5736395.26086715 0.93666803 0.34913471 0.02753096 620168.27505480 -0.00884599 -0.05500014 0.99844716 113.30987128
0.34895827 -0.93574978 -0.05099482 5736395.31761581 0.93710204 0.34794935 0.02776714 620168.40707402 -0.00823949 -0.05747692 0.99831283 113.31216326
0.34756318 -0.93618817 -0.05245507 5736395.38408299 0.93761999 0.34651127 0.02826108 620168.56459730 -0.00828142 -0.05900543 0.99822331 113.31364766
0.34630046 -0.93673603 -0.05100588 5736395.44609379 0.93807123 0.34519411 0.02938361 620168.71457199 -0.00991776 -0.05802270 0.99826600 113.31273992
0.34527334 -0.93733878 -0.04671552 5736395.50651218 0.93842709 0.34418813 0.02981821 620168.86451145 -0.01187084 -0.05413454 0.99846309 113.31084680
0.34451727 -0.93784016 -0.04199621 5736395.56855126 0.93868995 0.34351982 0.02924574 620169.02315201 -0.01300130 -0.04949708 0.99868964 113.31031594
0.34387091 -0.93820890 -0.03894685 5736395.62842898 0.93892036 0.34294484 0.02859018 620169.17786270 -0.01346694 -0.04639932 0.99883219 113.31057776
0.34293927 -0.93861919 -0.03723818 5736395.69416993 0.93926219 0.34206997 0.02783316 620169.34337972 -0.01338667 -0.04452149 0.99891873 113.31124277
0.34166592 -0.93908912 -0.03709476 5736395.76005495 0.93973543 0.34083434 0.02700512 620169.50337446 -0.01271705 -0.04408599 0.99894680 113.31216682
0.34041331 -0.93953239 -0.03738534 5736395.81374883 0.94019231 0.33958373 0.02685716 620169.65007693 -0.01253771 -0.04429195 0.99893995 113.32910350
0.33942655 -0.93986326 -0.03803501 5736395.88608896 0.94053661 0.33853681 0.02799501 620169.82420019 -0.01343523 -0.04527557 0.99888419 113.32759467
0.33903768 -0.94001947 -0.03764095 5736395.95576817 0.94066705 0.33812824 0.02854447 620169.99581431 -0.01410489 -0.04508525 0.99888356 113.32747776
0.33886606 -0.94013834 -0.03618970 5736396.02509797 0.94073450 0.33801810 0.02761082 620170.17003536 -0.01372522 -0.04340127 0.99896344 113.33015657
0.33851256 -0.94031997 -0.03475054 5736396.09541241 0.94087908 0.33776199 0.02575629 620170.34810492 -0.01248174 -0.04141489 0.99906407 113.33576084
0.33788179 -0.94055087 -0.03464044 5736396.15660373 0.94112156 0.33718969 0.02435816 620170.50169094 -0.01122969 -0.04083105 0.99910296 113.34165617
0.33662944 -0.94093966 -0.03623777 5736396.24113044 0.94159024 0.33597894 0.02293428 620170.70934157 -0.00940465 -0.04184148 0.99908000 113.34890171
0.33567032 -0.94121038 -0.03805871 5736396.31695995 0.94194486 0.33503726 0.02213389 620170.89253663 -0.00808156 -0.04327890 0.99903034 113.35290992
0.33536799 -0.94121508 -0.04052754 5736396.38749946 0.94206290 0.33473986 0.02160365 620171.06459705 -0.00676750 -0.04542467 0.99894484 113.35532203
0.33555763 -0.94102960 -0.04317841 5736396.47010009 0.94200795 0.33497204 0.02036567 620171.26958591 -0.00470113 -0.04750826 0.99885978 113.35826124
0.33566595 -0.94092814 -0.04452653 5736396.54725208 0.94197454 0.33511213 0.01959162 620171.46310171 -0.00351292 -0.04851910 0.99881608 113.35969195
0.33545973 -0.94095014 -0.04560264 5736396.62366057 0.94205079 0.33492842 0.01905932 620171.65616005 -0.00266025 -0.04935364 0.99877782 113.36051162
0.33489683 -0.94118360 -0.04491712 5736396.70429745 0.94225126 0.33438412 0.01870344 620171.85925875 -0.00258380 -0.04858693 0.99881562 113.36022439
0.33452273 -0.94145673 -0.04187807 5736396.78169078 0.94237910 0.33399958 0.01912887 620172.05575878 -0.00402175 -0.04586406 0.99893959 113.35830652
0.33458734 -0.94162041 -0.03744742 5736396.86323982 0.94234782 0.33407886 0.01928504 620172.26686751 -0.00564879 -0.04174103 0.99911250 113.35738990
0.33476709 -0.94169392 -0.03381637 5736396.94257610 0.94228326 0.33432557 0.01812926 620172.47524586 -0.00576653 -0.03793368 0.99926362 113.35918428
0.33463524 -0.94181697 -0.03162370 5736397.01040193 0.94233736 0.33428556 0.01592076 620172.66590542 -0.00442309 -0.03512784 0.99937304 113.37521900
0.33417175 -0.94204902 -0.02954457 5736397.09613462 0.94250901 0.33392485 0.01307529 620172.88573072 -0.00245190 -0.03221542 0.99947794 113.37967994
0.33362709 -0.94224311 -0.02951078 5736397.18129611 0.94270489 0.33344115 0.01115734 620173.10083146 -0.00067282 -0.03154235 0.99950219 113.38320998
0.33334555 -0.94230108 -0.03081254 5736397.26845121 0.94280471 0.33317323 0.01071853 620173.31944945 0.00016583 -0.03262318 0.99946771 113.38437100
0.33336366 -0.94224978 -0.03215630 5736397.35731494 0.94279832 0.33317190 0.01130568 620173.54132138 0.00006080 -0.03408580 0.99941891 113.38300702
0.33350539 -0.94215893 -0.03332720 5736397.43387246 0.94274798 0.33327290 0.01246710 620173.73294593 -0.00063894 -0.03557700 0.99936673 113.38021621
0.33357950 -0.94208524 -0.03464271 5736397.53814398 0.94272031 0.33328464 0.01413359 620173.99508792 -0.00176917 -0.03737306 0.99929982 113.37623689
0.33344162 -0.94210258 -0.03548823 5736397.62921489 0.94276729 0.33310211 0.01525854 620174.22443033 -0.00255390 -0.03854497 0.99925360 113.37293879
0.33331805 -0.94220827 -0.03380309 5736397.71498145 0.94281095 0.33300494 0.01467020 620174.44037910 -0.00256579 -0.03675976 0.99932084 113.37190723
0.33349005 -0.94226816 -0.03025077 5736397.81421992 0.94275172 0.33325317 0.01270931 620174.69397076 -0.00189441 -0.03275740 0.99946154 113.37419950
0.33401304 -0.94217095 -0.02737125 5736397.90618437 0.94256681 0.33381737 0.01156594 620174.93365927 -0.00176009 -0.02966240 0.99955842 113.37756763
0.33447973 -0.94206673 -0.02517106 5736397.99741135 0.94239906 0.33428235 0.01180313 620175.17124924 -0.00270510 -0.02766909 0.99961348 113.37956328
0.33472741 -0.94203901 -0.02280504 5736398.09353527 0.94230656 0.33452395 0.01233166 620175.41797553 -0.00398807 -0.02561708 0.99966387 113.38039695
0.33481780 -0.94203691 -0.02152888 5736398.18829971 0.94226858 0.33459944 0.01315790 620175.65826711 -0.00519168 -0.02469149 0.99968164 113.37974567
0.33494624 -0.94200295 -0.02101097 5736398.28867434 0.94221682 0.33470889 0.01405090 620175.91185309 -0.00620343 -0.02450319 0.99968050 113.37799315
0.33507369 -0.94196498 -0.02067845 5736398.38886289 0.94216704 0.33482463 0.01461944 620176.16464058 -0.00684735 -0.02438114 0.99967929 113.37585325
0.33523246 -0.94189171 -0.02142905 5736398.47778329 0.94211003 0.33496962 0.01496822 620176.39909786 -0.00692036 -0.02520635 0.99965832 113.38325001
0.33556164 -0.94177378 -0.02146005 5736398.58193581 0.94198777 0.33528045 0.01568608 620176.66266035 -0.00757761 -0.02547876 0.99964664 113.38158897
0.33602377 -0.94162927 -0.02055108 5736398.68300040 0.94181496 0.33573262 0.01637639 620176.91899949 -0.00852082 -0.02485817 0.99965467 113.38003742
0.33643123 -0.94149761 -0.01990690 5736398.78396799 0.94166900 0.33614963 0.01621486 620177.17654481 -0.00857456 -0.02420089 0.99967034 113.38083163
0.33647177 -0.94147584 -0.02024809 5736398.88635252 0.94166307 0.33621010 0.01527846 620177.43719928 -0.00757669 -0.02420765 0.99967824 113.38442767
0.33627053 -0.94156251 -0.01954920 5736398.97543540 0.94174161 0.33604194 0.01409070 620177.66282776 -0.00669793 -0.02314858 0.99970960 113.38873438
0.33590242 -0.94173448 -0.01748501 5736399.09400495 0.94187861 0.33572271 0.01244786 620177.96264123 -0.00585246 -0.02065003 0.99976964 113.39430672
0.33570679 -0.94181944 -0.01664632 5736399.19768071 0.94195407 0.33555903 0.01107525 620178.22597434 -0.00484506 -0.01939810 0.99980010 113.39826687
0.33568836 -0.94184762 -0.01537457 5736399.29392668 0.94196493 0.33557274 0.00964391 620178.47185417 -0.00392381 -0.01771965 0.99983530 113.40042380
0.33576473 -0.94183693 -0.01432654 5736399.40725756 0.94193994 0.33566974 0.00865897 620178.76215227 -0.00334635 -0.01640212 0.99985988 113.40073738
0.33555382 -0.94192143 -0.01369893 5736399.51336545 0.94201437 0.33546128 0.00864001 620179.03257322 -0.00354275 -0.01580377 0.99986884 113.39956135
0.33415223 -0.94244211 -0.01204839 5736399.72914966 0.94251747 0.33410044 0.00614159 620179.57594768 -0.00176272 -0.01340804 0.99990855 113.40003159
0.33366218 -0.94260874 -0.01258204 5736399.83425170 0.94269263 0.33362693 0.00486568 620179.84265872 -0.00038872 -0.01348449 0.99990900 113.40120440
0.33355944 -0.94263024 -0.01365052 5736400.05413366 0.94272749 0.33355044 0.00299815 620180.40360966 0.00172699 -0.01386878 0.99990233 113.40606533
0.33362137 -0.94259912 -0.01427171 5736400.15838951 0.94270561 0.33360997 0.00324268 620180.66592792 0.00170464 -0.01453585 0.99989290 113.41386764
0.33354984 -0.94262061 -0.01452190 5736400.27302138 0.94273152 0.33353181 0.00371763 620180.95750981 0.00133921 -0.01493027 0.99988764 113.41415472
0.33364087 -0.94261894 -0.01238128 5736400.49148126 0.94269941 0.33362938 0.00304372 620181.51692136 0.00126169 -0.01268734 0.99991872 113.41314715
0.33443288 -0.94236842 -0.00981852 5736400.60148049 0.94241801 0.33443311 0.00166721 620181.80264325 0.00171251 -0.00981072 0.99995041 113.41176669
0.33555896 -0.94199196 -0.00716450 5736400.69634017 0.94201733 0.33556376 0.00055825 620182.05036368 0.00187828 -0.00693641 0.99997418 113.40996821
0.33770519 -0.94123387 -0.00583122 5736400.93530650 0.94125186 0.33770113 0.00169735 620182.66420593 0.00037161 -0.00606185 0.99998156 113.40381738
0.33778415 -0.94121085 -0.00489859 5736401.04160716 0.94122351 0.33778178 0.00132736 620182.92961084 0.00040533 -0.00505903 0.99998712 113.40358103
0.33777486 -0.94121135 -0.00541675 5736401.16702892 0.94122567 0.33777824 0.00030577 620183.24249656 0.00154186 -0.00520166 0.99998528 113.40503158
0.33810502 -0.94108348 -0.00684724 5736401.28290202 0.94110288 0.33811898 -0.00095963 620183.53278817 0.00321827 -0.00611950 0.99997610 113.40721794
0.33996126 -0.94036393 -0.01191709 5736401.51548382 0.94040236 0.34003309 -0.00457200 620184.11748712 0.00835154 -0.00965256 0.99991854 113.40984032
0.34076907 -0.94008038 -0.01119473 5736401.62976784 0.94010489 0.34084238 -0.00541044 620184.40254508 0.00890188 -0.00868051 0.99992270 113.40761183
0.34133795 -0.93988450 -0.01027301 5736401.75040147 0.93990578 0.34139903 -0.00488094 620184.70405282 0.00809471 -0.00798961 0.99993532 113.40426592
0.34183197 -0.93971493 -0.00931375 5736401.86759334 0.93972564 0.34188838 -0.00529810 620184.99710580 0.00816296 -0.00694131 0.99994259 113.40253687
0.34268707 -0.93943128 -0.00586881 5736401.98112798 0.93940763 0.34272413 -0.00731218 620185.27805332 0.00888068 -0.00300741 0.99995604 113.40844673
0.34395038 -0.93898426 -0.00258682 5736402.09951734 0.93894843 0.34395988 -0.00821299 620185.57854352 0.00860163 0.00039596 0.99996293 113.40785060
0.34524393 -0.93850973 -0.00247435 5736402.21527168 0.93848266 0.34525277 -0.00712952 620185.87182379 0.00754540 0.00013928 0.99997152 113.40633477
0.34616435 -0.93816451 -0.00419487 5736402.33322680 0.93815771 0.34618118 -0.00432399 620186.16422640 0.00550880 -0.00243863 0.99998185 113.40311426
0.34659702 -0.93799613 -0.00581180 5736402.45340323 0.93801065 0.34660596 -0.00057828 620186.45373580 0.00255683 -0.00525110 0.99998294 113.39720173
0.34704605 -0.93782216 -0.00697355 5736402.55935312 0.93784781 0.34704206 0.00181357 620186.70681673 0.00071931 -0.00716952 0.99997404 113.39227956
0.34824243 -0.93736925 -0.00813067 5736402.69438089 0.93740436 0.34823419 0.00245341 620187.03398637 0.00053163 -0.00847611 0.99996394 113.38999696
0.34963628 -0.93686282 -0.00652106 5736402.81164046 0.93688465 0.34963697 0.00106994 620187.32260450 0.00127762 -0.00648357 0.99997817 113.38932621
0.35096334 -0.93638822 -0.00135526 5736402.91877375 0.93638813 0.35096476 -0.00100695 620187.58940534 0.00141855 -0.00091564 0.99999857 113.38702864
0.35200048 -0.93598124 0.00589680 5736403.04287435 0.93599450 0.35197025 -0.00558964 620187.90013039 0.00315631 0.00748693 0.99996699 113.38625520
0.35228044 -0.93584825 0.00930245 5736403.15824885 0.93588076 0.35220404 -0.00891679 620188.18812153 0.00506840 0.01184720 0.99991697 113.38662577
0.35208416 -0.93593101 0.00836039 5736403.27431814 0.93594979 0.35200688 -0.00944224 620188.47162613 0.00589437 0.01114937 0.99992047 113.38735304
0.35186030 -0.93603696 0.00539801 5736403.39741519 0.93603723 0.35181573 -0.00774558 620188.76318269 0.00535105 0.00777810 0.99995543 113.38850715
0.35202140 -0.93598825 0.00263408 5736403.51737023 0.93598429 0.35200574 -0.00503611 620189.04261116 0.00378653 0.00423827 0.99998385 113.38914553
0.35275273 -0.93571556 -0.00138044 5736403.64169678 0.93571430 0.35275474 -0.00168701 620189.33416843 0.00206552 -0.00069660 0.99999762 113.38926096
0.35378213 -0.93531564 -0.00478144 5736403.75958024 0.93532698 0.35378419 0.00043455 620189.61436692 0.00128515 -0.00462595 0.99998847 113.38928389
0.35484522 -0.93491214 -0.00491502 5736403.87979699 0.93492367 0.35484885 0.00014059 620189.90328532 0.00161265 -0.00464506 0.99998791 113.38869955
0.35605951 -0.93446123 -0.00195925 5736404.01102794 0.93446116 0.35606239 -0.00138391 620190.22173113 0.00199082 -0.00133809 0.99999712 113.41050261
0.35733094 -0.93397345 0.00286220 5736404.12964284 0.93397706 0.35732500 -0.00238735 620190.51546680 0.00120698 0.00352630 0.99999305 113.40694192
0.35824061 -0.93360798 0.00630959 5736404.24554415 0.93362904 0.35822736 -0.00315794 620190.80203609 0.00068801 0.00702212 0.99997511 113.40196663
0.35848557 -0.93350599 0.00739303 5736404.36665850 0.93353415 0.35846164 -0.00438699 620191.09430432 0.00144517 0.00847432 0.99996305 113.40013805
0.35827293 -0.93358855 0.00727459 5736404.47360132 0.93361160 0.35823380 -0.00615747 620191.34595215 0.00314254 0.00899770 0.99995458 113.40154588
0.35808825 -0.93367389 0.00508588 5736404.61294478 0.93366499 0.35803618 -0.00893153 620191.67051037 0.00651821 0.00794678 0.99994718 113.40650243
0.35830761 -0.93359870 0.00301990 5736404.73684359 0.93355938 0.35825729 -0.01089059 620191.96067515 0.00908554 0.00672143 0.99993614 113.41067607
0.35857594 -0.93349797 0.00220010 5736404.85118077 0.93344302 0.35852667 -0.01194817 620192.22997950 0.01036479 0.00633799 0.99992620 113.41238436
0.35889383 -0.93337689 0.00167413 5736404.98276354 0.93331672 0.35884892 -0.01213851 620192.54223216 0.01072905 0.00591893 0.99992492 113.41066090
0.35903281 -0.93332163 0.00248525 5736405.10555828 0.93326618 0.35897906 -0.01217661 620192.83323171 0.01047254 0.00669120 0.99992277 113.40717165
0.35889542 -0.93336832 0.00420241 5736405.22767784 0.93332059 0.35881995 -0.01268542 620193.12139465 0.01033227 0.00847493 0.99991071 113.40313926
0.35873189 -0.93343444 0.00340358 5736405.35317270 0.93337582 0.35866163 -0.01309244 620193.41804035 0.01100020 0.00787350 0.99990850 113.39966010
0.35878752 -0.93341724 0.00194319 5736405.47405967 0.93335645 0.35873845 -0.01234762 620193.70405458 0.01082839 0.00624387 0.99992188 113.39576880
0.35915148 -0.93327927 -0.00010416 5736405.60113047 0.93322879 0.35913321 -0.01036129 620194.00427731 0.00970738 0.00362407 0.99994631 113.39132416
0.35956918 -0.93311842 0.00013548 5736405.72575295 0.93308067 0.35955332 -0.00904873 620194.29788212 0.00839482 0.00338006 0.99995905 113.38679390
0.35996409 -0.93296415 0.00193363 5736405.84698858 0.93292587 0.35992852 -0.01003877 620194.58474498 0.00866985 0.00541753 0.99994774 113.38464790
0.36049588 -0.93275629 0.00290323 5736406.02119872 0.93271258 0.36044385 -0.01129034 620194.84435970 0.00948468 0.00677800 0.99993205 113.39858040
