0.49490168 -0.86669890 -0.06249274 5736387.82650819 0.86891692 0.49421973 0.02702302 620154.85304303 0.00746432 -0.06767474 0.99767951 110.44442982
0.49490292 -0.86669800 -0.06249539 5736387.82590092 0.86891615 0.49422146 0.02701622 620154.85362866 0.00747167 -0.06767366 0.99767953 110.44443647
0.49490537 -0.86669657 -0.06249574 5736387.82533877 0.86891468 0.49422452 0.02700741 620154.85415885 0.00747970 -0.06766958 0.99767975 110.44446561
0.49490602 -0.86669638 -0.06249332 5736387.82475957 0.86891434 0.49422503 0.02700919 620154.85474277 0.00747700 -0.06766836 0.99767985 110.44444001
0.49489795 -0.86670143 -0.06248718 5736387.82419160 0.86891897 0.49421686 0.02700959 620154.85526125 0.00747297 -0.06766329 0.99768023 110.44437634
0.49490674 -0.86669584 -0.06249515 5736387.83258581 0.86891397 0.49422529 0.02701616 620154.84780943 0.00747189 -0.06767338 0.99767955 110.44561492
0.49490929 -0.86669425 -0.06249700 5736387.83212470 0.86891255 0.49422750 0.02702156 620154.84843197 0.00746830 -0.06767765 0.99767929 110.44565305
0.49491229 -0.86669262 -0.06249584 5736387.83167928 0.86891087 0.49423026 0.02702504 620154.84895058 0.00746493 -0.06767834 0.99767927 110.44565812
0.49490713 -0.86669542 -0.06249784 5736387.83118395 0.86891376 0.49422548 0.02701943 620154.84942455 0.00747041 -0.06767734 0.99767929 110.44564252
0.49490085 -0.86669900 -0.06249799 5736387.83059621 0.86891729 0.49421967 0.02701225 620154.84987881 0.00747625 -0.06767397 0.99767948 110.44563700
0.49490549 -0.86669673 -0.06249269 5736387.83005997 0.86891468 0.49422418 0.02701377 620154.85029965 0.00747266 -0.06767008 0.99767977 110.44563109
0.49491363 -0.86669279 -0.06248295 5736387.82955453 0.86891005 0.49423253 0.02700987 620154.85076483 0.00747185 -0.06765962 0.99768048 110.44561932
0.49491166 -0.86669419 -0.06247900 5736387.82898128 0.86891113 0.49423102 0.02700266 620154.85121465 0.00747601 -0.06765263 0.99768093 110.44560668
0.49490595 -0.86669689 -0.06248672 5736387.82849428 0.86891438 0.49422516 0.02700550 620154.85153420 0.00747693 -0.06766079 0.99768037 110.44559397
0.49490198 -0.86669900 -0.06248892 5736387.82795026 0.86891667 0.49422088 0.02701019 620154.85202988 0.00747363 -0.06766506 0.99768010 110.44556856
0.49490853 -0.86669531 -0.06248833 5736387.82737645 0.86891293 0.49422746 0.02700993 620154.85247546 0.00747407 -0.06766437 0.99768015 110.44554971
0.49491015 -0.86669458 -0.06248557 5736387.82683932 0.86891202 0.49422905 0.02700999 620154.85289629 0.00747277 -0.06766199 0.99768032 110.44552975
0.49490340 -0.86669882 -0.06248023 5736387.82619199 0.86891590 0.49422222 0.02701040 620154.85336893 0.00746924 -0.06765761 0.99768064 110.44549783
0.49490299 -0.86669933 -0.06247639 5736387.82563873 0.86891611 0.49422214 0.02700508 620154.85380541 0.00747193 -0.06765163 0.99768102 110.44549552
0.49490835 -0.86669628 -0.06247628 5736387.82496921 0.86891302 0.49422779 0.02700097 620154.85426031 0.00747587 -0.06764946 0.99768114 110.44551546
0.49491093 -0.86669471 -0.06247765 5736387.82439974 0.86891154 0.49423040 0.02700077 620154.85469911 0.00747693 -0.06765052 0.99768106 110.44555863
0.49491063 -0.86669435 -0.06248501 5736387.82407706 0.86891174 0.49422963 0.02700849 620154.85491335 0.00747384 -0.06766075 0.99768039 110.44559352
0.49493781 -0.86667806 -0.06249568 5736387.83326211 0.86889631 0.49425592 0.02702387 620154.84973402 0.00746787 -0.06767740 0.99767931 110.44555405
0.49494181 -0.86667639 -0.06248710 5736387.83299948 0.86889400 0.49426042 0.02701582 620154.85037876 0.00747093 -0.06766593 0.99768006 110.44573786
0.49494402 -0.86667493 -0.06248987 5736387.83249378 0.86889270 0.49426292 0.02701188 620154.85070432 0.00747591 -0.06766636 0.99768000 110.44579281
0.49494751 -0.86667365 -0.06248001 5736387.83192414 0.86889073 0.49426654 0.02700893 620154.85109104 0.00747385 -0.06765631 0.99768069 110.44582716
0.49494261 -0.86667672 -0.06247613 5736387.83137907 0.86889357 0.49426133 0.02701303 620154.85139908 0.00746797 -0.06765501 0.99768083 110.44585650
0.49493980 -0.86667751 -0.06248753 5736387.83080455 0.86889519 0.49425800 0.02702167 620154.85177511 0.00746588 -0.06766921 0.99767988 110.44592270
0.49494245 -0.86667588 -0.06248909 5736387.83023835 0.86889370 0.49426045 0.02702489 620154.85214501 0.00746407 -0.06767214 0.99767969 110.44601174
0.49494266 -0.86667592 -0.06248682 5736387.82983038 0.86889356 0.49426090 0.02702124 620154.85246809 0.00746613 -0.06766836 0.99767993 110.44606603
0.49494005 -0.86667716 -0.06249034 5736387.82911622 0.86889506 0.49425804 0.02702510 620154.85287931 0.00746431 -0.06767335 0.99767961 110.44610927
0.49493403 -0.86668102 -0.06248452 5736387.82850566 0.86889852 0.49425193 0.02702563 620154.85324741 0.00746049 -0.06766861 0.99767996 110.44617032
0.49493451 -0.86668106 -0.06248019 5736387.82796935 0.86889823 0.49425269 0.02702111 620154.85360207 0.00746232 -0.06766260 0.99768035 110.44623136
0.49494182 -0.86667715 -0.06247648 5736387.82735256 0.86889409 0.49425997 0.02702124 620154.85398371 0.00746093 -0.06765938 0.99768058 110.44629628
0.49493945 -0.86667849 -0.06247673 5736387.82678890 0.86889540 0.49425788 0.02701720 620154.85434696 0.00746439 -0.06765762 0.99768068 110.44634155
0.49493890 -0.86667858 -0.06247976 5736387.82620424 0.86889570 0.49425735 0.02701718 620154.85471368 0.00746587 -0.06766025 0.99768049 110.44637648
0.49493203 -0.86668200 -0.06248675 5736387.82563663 0.86889961 0.49425037 0.02701933 620154.85501486 0.00746693 -0.06766744 0.99767999 110.44640252
0.49495536 -0.86666800 -0.06249615 5736387.83343102 0.86888634 0.49427316 0.02702920 620154.85075472 0.00746482 -0.06768030 0.99767913 110.44632051
0.49496363 -0.86666386 -0.06248802 5736387.83282790 0.86888167 0.49428129 0.02703058 620154.85124360 0.00746023 -0.06767385 0.99767961 110.44630420
0.49496168 -0.86666580 -0.06247660 5736387.83229963 0.86888279 0.49427957 0.02702589 620154.85166884 0.00745849 -0.06766163 0.99768045 110.44629539
0.49495667 -0.86666873 -0.06247561 5736387.83180255 0.86888559 0.49427515 0.02701692 620154.85196299 0.00746542 -0.06765636 0.99768075 110.44634521
0.49495647 -0.86666835 -0.06248255 5736387.83128423 0.86888564 0.49427527 0.02701296 620154.85223171 0.00747230 -0.06766043 0.99768042 110.44641209
0.49495650 -0.86666821 -0.06248427 5736387.83077517 0.86888564 0.49427512 0.02701588 620154.85251849 0.00747061 -0.06766337 0.99768024 110.44646756
0.49495710 -0.86666758 -0.06248814 5736387.83026835 0.86888536 0.49427501 0.02702677 620154.85282590 0.00746310 -0.06767212 0.99767970 110.44649465
0.49495358 -0.86666938 -0.06249103 5736387.82970491 0.86888741 0.49427101 0.02703404 620154.85312522 0.00745793 -0.06767827 0.99767932 110.44652059
0.49494979 -0.86667162 -0.06249006 5736387.82929582 0.86888952 0.49426768 0.02702693 620154.85337875 0.00746335 -0.06767393 0.99767958 110.44654425
0.49495271 -0.86667037 -0.06248424 5736387.82865588 0.86888776 0.49427168 0.02701061 620154.85378881 0.00747490 -0.06766076 0.99768038 110.44657690
0.49495581 -0.86666893 -0.06247960 5736387.82808696 0.86888595 0.49427532 0.02700225 620154.85411279 0.00748011 -0.06765257 0.99768090 110.44660064
0.49495447 -0.86667032 -0.06247104 5736387.82754394 0.86888679 0.49427356 0.02700727 620154.85444061 0.00747138 -0.06764763 0.99768130 110.44659984
0.49495221 -0.86667188 -0.06246735 5736387.82700601 0.86888814 0.49427082 0.02701388 620154.85479760 0.00746362 -0.06764772 0.99768135 110.44659231
0.49495361 -0.86667017 -0.06247987 5736387.82644979 0.86888731 0.49427211 0.02701704 620154.85511355 0.00746719 -0.06766015 0.99768048 110.44662407
0.49495966 -0.86666603 -0.06248939 5736387.82589006 0.86888378 0.49427866 0.02701084 620154.85548010 0.00747779 -0.06766529 0.99768005 110.44667583
0.49496138 -0.86666535 -0.06248531 5736387.82542734 0.86888276 0.49428082 0.02700397 620154.85578235 0.00748189 -0.06765833 0.99768050 110.44670191
0.49495943 -0.86666652 -0.06248447 5736387.82517970 0.86888392 0.49427844 0.02701024 620154.85589082 0.00747586 -0.06766072 0.99768038 110.44668333
0.49498501 -0.86665165 -0.06248805 5736387.83340893 0.86886942 0.49430323 0.02702323 620154.85127874 0.00746832 -0.06767005 0.99767980 110.44665258
0.49499235 -0.86664784 -0.06248278 5736387.83314124 0.86886525 0.49431055 0.02702314 620154.85154839 0.00746635 -0.06766537 0.99768013 110.44679742
0.49499617 -0.86664534 -0.06248719 5736387.83268907 0.86886308 0.49431419 0.02702648 620154.85183963 0.00746593 -0.06767082 0.99767977 110.44678805
0.49499732 -0.86664413 -0.06249481 5736387.83217164 0.86886240 0.49431536 0.02702706 620154.85212040 0.00746931 -0.06767771 0.99767928 110.44676818
0.49499443 -0.86664549 -0.06249893 5736387.83174917 0.86886401 0.49431263 0.02702506 620154.85234851 0.00747286 -0.06768033 0.99767907 110.44675840
0.49499531 -0.86664524 -0.06249536 5736387.83115784 0.86886354 0.49431332 0.02702751 620154.85259837 0.00746903 -0.06767843 0.99767923 110.44675015
0.49499702 -0.86664483 -0.06248742 5736387.83069201 0.86886264 0.49431457 0.02703350 620154.85282502 0.00746000 -0.06767449 0.99767956 110.44674400
0.49499637 -0.86664500 -0.06249028 5736387.83017945 0.86886299 0.49431411 0.02703101 620154.85309483 0.00746354 -0.06767574 0.99767945 110.44674039
0.49499242 -0.86664722 -0.06249078 5736387.82957046 0.86886518 0.49431067 0.02702322 620154.85335248 0.00747026 -0.06767235 0.99767963 110.44671209
0.49499143 -0.86664789 -0.06248930 5736387.82900691 0.86886571 0.49431009 0.02701705 620154.85361234 0.00747482 -0.06766802 0.99767989 110.44666888
0.49499544 -0.86664595 -0.06248448 5736387.82852995 0.86886340 0.49431443 0.02701179 620154.85386515 0.00747732 -0.06766119 0.99768034 110.44662727
0.49499643 -0.86664579 -0.06247882 5736387.82791555 0.86886285 0.49431546 0.02701066 620154.85410706 0.00747557 -0.06765570 0.99768072 110.44657407
0.49498832 -0.86665065 -0.06247573 5736387.82734398 0.86886758 0.49430647 0.02702304 620154.85426485 0.00746263 -0.06765922 0.99768058 110.44649902
0.49498577 -0.86665056 -0.06249719 5736387.82675238 0.86886901 0.49430349 0.02703149 620154.85449819 0.00746572 -0.06768207 0.99767901 110.44642993
0.49499011 -0.86664769 -0.06250258 5736387.82618247 0.86886639 0.49430893 0.02701615 620154.85472553 0.00748210 -0.06767912 0.99767908 110.44639349
0.49501358 -0.86663390 -0.06250794 5736387.83433354 0.86885292 0.49433308 0.02700765 620154.85121650 0.00749400 -0.06767935 0.99767898 110.44686609
0.49501981 -0.86662988 -0.06251431 5736387.83357305 0.86884937 0.49433904 0.02701262 620154.85128044 0.00749332 -0.06768730 0.99767844 110.44665970
0.49501434 -0.86663354 -0.06250687 5736387.83286041 0.86885249 0.49433381 0.02700794 620154.85141149 0.00749327 -0.06767856 0.99767904 110.44651496
0.49501058 -0.86663789 -0.06247634 5736387.83240712 0.86885503 0.49432739 0.02704371 620154.85170761 0.00744666 -0.06766981 0.99767998 110.44635891
0.49498151 -0.86666043 -0.06239397 5736387.83214225 0.86887324 0.49428590 0.02721672 620154.85235951 0.00725281 -0.06768422 0.99768043 110.44597124
0.49495746 -0.86668580 -0.06223213 5736387.83246098 0.86888980 0.49423961 0.02752667 620154.85384317 0.00690062 -0.06769740 0.99768204 110.44526574
0.49496478 -0.86669950 -0.06198258 5736387.83356905 0.86888933 0.49421729 0.02793915 620154.85698470 0.00641801 -0.06768490 0.99768610 110.44423505
0.49498978 -0.86669962 -0.06178100 5736387.83528878 0.86887759 0.49422171 0.02822477 620154.86129991 0.00607112 -0.06765110 0.99769057 110.44342383
0.49498522 -0.86671125 -0.06165423 5736387.83753740 0.86888122 0.49420962 0.02832456 620154.86617557 0.00592090 -0.06759044 0.99769558 110.44296474
0.49491695 -0.86675893 -0.06153192 5736387.84128331 0.86892057 0.49414033 0.02832631 620154.87380448 0.00585332 -0.06748552 0.99770308 110.44271749
0.49482730 -0.86681487 -0.06146481 5736387.84541293 0.86897188 0.49405017 0.02832477 620154.88177633 0.00581437 -0.06742706 0.99770726 110.44273096
0.49473116 -0.86687710 -0.06136105 5736387.85015426 0.86902703 0.49395304 0.02832687 620154.89079495 0.00575356 -0.06733859 0.99771359 110.44278973
0.49462511 -0.86694634 -0.06123757 5736387.85591526 0.86908770 0.49384781 0.02830035 620154.90142688 0.00570715 -0.06721889 0.99772193 110.44278844
0.49453740 -0.86699588 -0.06124472 5736387.86215615 0.86913753 0.49376114 0.02828229 620154.91267931 0.00571963 -0.06721673 0.99772200 110.44274951
0.49444257 -0.86704217 -0.06135488 5736387.86928609 0.86919129 0.49366531 0.02830305 620154.92545059 0.00574884 -0.06732336 0.99771465 110.44266543
0.49430838 -0.86711173 -0.06145306 5736387.87690055 0.86926781 0.49352603 0.02838191 620154.93884797 0.00571840 -0.06744859 0.99770636 110.44251418
0.49410214 -0.86721684 -0.06162806 5736387.88507674 0.86938547 0.49330989 0.02853525 620154.95309668 0.00565548 -0.06767787 0.99769120 110.44233458
0.49379900 -0.86737397 -0.06184617 5736387.90001392 0.86955764 0.49300115 0.02862473 620154.96757622 0.00566189 -0.06791367 0.99767514 110.44815297
0.49354764 -0.86751810 -0.06183102 5736387.90980995 0.86970062 0.49274766 0.02864558 620154.98441125 0.00561654 -0.06791243 0.99767548 110.44817265
0.49337565 -0.86761643 -0.06182392 5736387.92049714 0.86979901 0.49256669 0.02877034 620155.00315800 0.00549078 -0.06796897 0.99767233 110.44815653
0.49313330 -0.86774095 -0.06200961 5736387.93213375 0.86993684 0.49231394 0.02892869 620155.02363864 0.00542559 -0.06821014 0.99765622 110.44811313
0.49272616 -0.86796383 -0.06212659 5736387.94353472 0.87016734 0.49190654 0.02892679 620155.04297111 0.00545307 -0.06831352 0.99764900 110.44805822
0.49208917 -0.86831536 -0.06226303 5736387.95804020 0.87052723 0.49127343 0.02885754 620155.06715524 0.00553073 -0.06840214 0.99764250 110.44796749
0.49157812 -0.86861121 -0.06217331 5736387.97228281 0.87081649 0.49076007 0.02886517 620155.09164234 0.00543957 -0.06833103 0.99764787 110.44772969
0.49127672 -0.86880790 -0.06180632 5736387.98548613 0.87098769 0.49045754 0.02884163 620155.11457988 0.00525554 -0.06800177 0.99767136 110.44753961
0.49093336 -0.86900906 -0.06170641 5736388.00352981 0.87118237 0.49010425 0.02896718 620155.14656535 0.00506983 -0.06797849 0.99767391 110.44727476
0.49057778 -0.86920800 -0.06173240 5736388.02114910 0.87138338 0.48973920 0.02909495 620155.17718641 0.00494321 -0.06806593 0.99766858 110.44695814
0.49017694 -0.86944244 -0.06161503 5736388.03943653 0.87160947 0.48933618 0.02910367 620155.20847950 0.00484649 -0.06797019 0.99767558 110.44657236
0.48964488 -0.86975074 -0.06149430 5736388.06109358 0.87190908 0.48880157 0.02911321 620155.24516619 0.00473728 -0.06787257 0.99768275 110.44600076
0.48907999 -0.87005445 -0.06169295 5736388.08270403 0.87222753 0.48821053 0.02948923 620155.28193581 0.00446191 -0.06823288 0.99765944 110.44523994
0.48714226 -0.87123894 -0.06029205 5736388.13056465 0.87331564 0.48625227 0.02963985 620155.36197730 0.00349375 -0.06709282 0.99774062 110.44455498
0.48607317 -0.87187633 -0.05970369 5736388.15486229 0.87391371 0.48515191 0.03004068 620155.40328015 0.00277360 -0.06677785 0.99776401 110.44446659
0.48504310 -0.87248942 -0.05912193 5736388.12344366 0.87448796 0.48408669 0.03051050 620155.31477889 0.00200005 -0.06650033 0.99778440 110.57523840
0.48348926 -0.87341465 -0.05818066 5736388.17860032 0.87535016 0.48245623 0.03159237 620155.40959330 0.00047638 -0.06620302 0.99780606 110.57355582
0.48272754 -0.87382935 -0.05827855 5736388.20869093 0.87577046 0.48169392 0.03157654 620155.46163938 0.00047992 -0.06628150 0.99780085 110.57347441
0.48187591 -0.87425518 -0.05893634 5736388.23929804 0.87623910 0.48084653 0.03149070 620155.51451359 0.00080843 -0.06681693 0.99776492 110.57361975
0.48062176 -0.87490101 -0.05958974 5736388.27267411 0.87692688 0.47961897 0.03106276 620155.57099288 0.00140353 -0.06718528 0.99773953 110.57374604
0.47738725 -0.87654530 -0.06139823 5736388.34128351 0.87868950 0.47641608 0.03053655 620155.68376503 0.00248444 -0.06852774 0.99764612 110.57299411
0.47617693 -0.87717142 -0.06185341 5736388.38345320 0.87934621 0.47518805 0.03076621 620155.75593301 0.00240476 -0.06904072 0.99761094 110.57206485
0.47570795 -0.87743757 -0.06168683 5736388.42063873 0.87960058 0.47470932 0.03088498 620155.82281793 0.00218367 -0.06895200 0.99761759 110.57173073
0.47243204 -0.87922259 -0.06144598 5736388.50237709 0.88136636 0.47137225 0.03164698 620155.96557080 0.00113919 -0.06910747 0.99760857 110.56965783
0.46960736 -0.88080029 -0.06049602 5736388.54647548 0.88287524 0.46854093 0.03163390 620156.03773304 0.00048172 -0.06826595 0.99766704 110.56775464
0.46782247 -0.88189954 -0.05826949 5736388.59112173 0.88382239 0.46683037 0.03045296 620156.11482693 0.00034552 -0.06574646 0.99783630 110.56803610
0.46729334 -0.88224148 -0.05733151 5736388.63278932 0.88410229 0.46633033 0.02998610 620156.19305129 0.00028044 -0.06469923 0.99790477 110.56937418
0.46523672 -0.88324632 -0.05857241 5736388.68509707 0.88518529 0.46431653 0.02927723 620156.26262971 0.00133713 -0.06546828 0.99785375 110.64645075
0.46303195 -0.88435663 -0.05928547 5736388.73492087 0.88633870 0.46216444 0.02842089 620156.34751887 0.00226543 -0.06570679 0.99783640 110.64648065
0.46097846 -0.88529443 -0.06125879 5736388.78567689 0.88740806 0.46006449 0.02911369 620156.43393804 0.00240881 -0.06778233 0.99769723 110.64441576
0.45959834 -0.88582818 -0.06385769 5736388.83852901 0.88812561 0.45852998 0.03135531 620156.52692524 0.00150525 -0.07112450 0.99746631 110.64050348
0.45827659 -0.88648317 -0.06426634 5736388.94333882 0.88880938 0.45702229 0.03388968 620156.71740918 -0.00067148 -0.07265137 0.99735717 110.63456665
0.45677519 -0.88729500 -0.06374956 5736388.99779584 0.88958138 0.45550513 0.03405941 620156.81571313 -0.00118250 -0.07226792 0.99738455 110.63370530
0.45522956 -0.88816573 -0.06267122 5736389.04614160 0.89037297 0.45398725 0.03363862 620156.90351948 -0.00142473 -0.07111406 0.99746717 110.63407557
0.45146802 -0.89032083 -0.05920683 5736389.16408407 0.89228661 0.45038992 0.03120142 620157.12375823 -0.00111311 -0.06691590 0.99775800 110.63713954
0.44967411 -0.89118347 -0.05987665 5736389.21887462 0.89319267 0.44864607 0.03039012 620157.22630746 -0.00021975 -0.06714703 0.99774307 110.63819178
0.44793579 -0.89198821 -0.06091437 5736389.28233912 0.89406550 0.44694389 0.02980015 620157.34284407 0.00064392 -0.06780999 0.99769805 110.63811650
0.44537095 -0.89313825 -0.06283932 5736389.40659927 0.89534478 0.44439464 0.02951499 620157.56857152 0.00156449 -0.06940798 0.99758713 110.63754154
0.44349140 -0.89387383 -0.06561219 5736389.46965915 0.89627421 0.44252923 0.02933316 620157.68438759 0.00281517 -0.07181551 0.99741396 110.63979398
0.44128061 -0.89482919 -0.06746953 5736389.53097655 0.89736161 0.44033639 0.02908607 620157.79709458 0.00368223 -0.07337969 0.99729728 110.64170556
0.43787849 -0.89654369 -0.06687189 5736389.59860438 0.89903158 0.43684259 0.03017894 620157.94582839 0.00215576 -0.07333465 0.99730506 110.77151938
0.43705218 -0.89699289 -0.06625062 5736389.66160987 0.89943544 0.43595713 0.03093968 620158.06959797 0.00112975 -0.07311041 0.99732321 110.76865846
0.43569554 -0.89774772 -0.06494943 5736389.72844544 0.90009397 0.43452078 0.03197703 620158.20118970 -0.00048542 -0.07239284 0.99737608 110.76518071
0.43147564 -0.89987459 -0.06367489 5736389.86368683 0.90212418 0.43046619 0.02950963 620158.46295056 0.00085492 -0.07017535 0.99753430 110.76648472
0.42917972 -0.90105155 -0.06253704 5736389.93339254 0.90321849 0.42823114 0.02853864 620158.59658971 0.00106552 -0.06873282 0.99763453 110.76659873
0.42738278 -0.90188830 -0.06278098 5736389.99579988 0.90407025 0.42642571 0.02860254 620158.71686989 0.00097512 -0.06898265 0.99761738 110.76520764
0.42514545 -0.90301909 -0.06170793 5736390.14559912 0.90512100 0.42435811 0.02600320 620159.01217407 0.00270487 -0.06690829 0.99775546 110.76337030
0.42387617 -0.90368798 -0.06063848 5736390.21400268 0.90571211 0.42320350 0.02417387 620159.14804371 0.00381679 -0.06516773 0.99786702 110.76431662
0.42195165 -0.90475067 -0.05816383 5736390.29031694 0.90660775 0.42138747 0.02224819 620159.29983144 0.00438044 -0.06211944 0.99805911 110.76642700
0.41997851 -0.90582700 -0.05563725 5736390.36218872 0.90752707 0.41942570 0.02183326 620159.44371615 0.00355854 -0.05966181 0.99821230 110.76702736
0.41647762 -0.90770770 -0.05111873 5736390.51373322 0.90914597 0.41582074 0.02338206 620159.74440117 0.00003216 -0.05621249 0.99841883 110.76359220
0.41569530 -0.90814974 -0.04961317 5736390.58671986 0.90950292 0.41499421 0.02417114 620159.89036847 -0.00136184 -0.05517115 0.99847598 110.76132666
0.41514842 -0.90843148 -0.04903089 5736390.63210554 0.90975107 0.41441445 0.02477185 620159.98958651 -0.00218441 -0.05488990 0.99849002 110.79643384
0.41348467 -0.90923956 -0.04810244 5736390.78394773 0.91050909 0.41279588 0.02393225 620160.29594255 -0.00190366 -0.05369333 0.99855566 110.79517299
0.41249149 -0.90972002 -0.04754225 5736390.86335671 0.91096091 0.41187216 0.02261719 620160.45617204 -0.00099398 -0.05263853 0.99861314 110.79581648
0.41191007 -0.90998265 -0.04755700 5736390.93785171 0.91122450 0.41135104 0.02145312 620160.60870281 0.00004066 -0.05217186 0.99863812 110.79623179
0.41155209 -0.91012265 -0.04797543 5736391.09948104 0.91138591 0.41102645 0.02080837 620160.94048881 0.00078100 -0.05228786 0.99863175 110.79305978
0.41154225 -0.91009485 -0.04858324 5736391.16982517 0.91139045 0.41099488 0.02122857 620161.08474735 0.00064745 -0.05301475 0.99859352 110.79003385
0.41128973 -0.91025693 -0.04767691 5736391.26131382 0.91150457 0.41075106 0.02104736 620161.27076513 0.00042484 -0.05211428 0.99864104 110.78542619
0.41089038 -0.91052403 -0.04599000 5736391.34331382 0.91168475 0.41035904 0.02088985 620161.43855990 -0.00014830 -0.05051182 0.99872345 110.78096679
0.41058004 -0.91080809 -0.04304240 5736391.50659639 0.91182406 0.41017191 0.01832760 620161.77865816 0.00096186 -0.04677204 0.99890513 110.78043780
0.41042633 -0.91089846 -0.04259361 5736391.58844760 0.91188985 0.41011334 0.01624643 620161.94921480 0.00266936 -0.04550865 0.99896038 110.78379978
0.41022504 -0.91103974 -0.04149704 5736391.67334908 0.91197279 0.41002391 0.01363938 620162.12338372 0.00458876 -0.04343939 0.99904553 110.78803218
0.41018667 -0.91112182 -0.04004892 5736391.75811002 0.91198016 0.41008237 0.01116407 620162.29710853 0.00625153 -0.04110317 0.99913535 110.79181002
0.41049138 -0.91100845 -0.03950230 5736391.84390482 0.91183564 0.41043757 0.00983690 620162.46912587 0.00725173 -0.04005757 0.99917106 110.79408500
0.41080828 -0.91089100 -0.03891197 5736391.93257205 0.91168683 0.41079181 0.00878739 620162.65363507 0.00798037 -0.03908547 0.99920400 110.79453494
0.41089973 -0.91090780 -0.03752850 5736392.01788210 0.91164497 0.41089906 0.00808763 620162.83040216 0.00805334 -0.03753588 0.99926283 110.79276132
0.41087620 -0.91096496 -0.03638112 5736392.10417533 0.91166070 0.41086132 0.00823024 620163.00889518 0.00745014 -0.03654885 0.99930410 110.78901137
0.41087229 -0.91101348 -0.03519077 5736392.19444934 0.91167088 0.41082450 0.00891276 620163.19510448 0.00633759 -0.03574441 0.99934087 110.78354285
0.41094943 -0.91105249 -0.03322542 5736392.27676314 0.91164127 0.41089054 0.00889707 620163.36430924 0.00554631 -0.03394591 0.99940828 110.77878342
0.41108180 -0.91102953 -0.03220185 5736392.37330687 0.91158646 0.41100107 0.00939349 620163.56308478 0.00467724 -0.03321626 0.99943724 110.77301318
0.41136676 -0.91087820 -0.03283721 5736392.46423388 0.91146016 0.41126191 0.01019900 620163.75064057 0.00421465 -0.03412533 0.99940867 110.76853651
0.41181270 -0.91068797 -0.03252257 5736392.54581557 0.91125934 0.41170634 0.01021340 620163.91808354 0.00408853 -0.03384251 0.99941882 110.76573213
0.41223487 -0.91053580 -0.03141612 5736392.64820429 0.91106380 0.41217334 0.00871168 620164.12736400 0.00501659 -0.03221334 0.99946843 110.76426452
0.41233179 -0.91049588 -0.03130081 5736392.74222125 0.91100594 0.41234422 0.00635749 620164.31961779 0.00711824 -0.03113662 0.99948979 110.76424152
0.41211759 -0.91063606 -0.03001769 5736392.83337802 0.91109429 0.41217183 0.00464564 620164.50599687 0.00814196 -0.02926350 0.99953857 110.76376098
0.41201353 -0.91075895 -0.02762204 5736392.93023822 0.91115039 0.41204662 0.00474790 620164.70449156 0.00705738 -0.02712403 0.99960716 110.76194294
0.41232737 -0.91068768 -0.02518104 5736393.02399397 0.91102046 0.41232308 0.00560425 620164.89816997 0.00527900 -0.02525123 0.99966720 110.75968165
0.41274563 -0.91056052 -0.02281616 5736393.12004541 0.91083611 0.41273016 0.00560310 620165.09642321 0.00431496 -0.02309443 0.99972398 110.75740288
0.41309002 -0.91045474 -0.02070739 5736393.21643762 0.91067422 0.41311064 0.00347166 620165.29491811 0.00539365 -0.02029180 0.99977955 110.75610356
0.41313668 -0.91046797 -0.01913551 5736393.29237252 0.91064174 0.41319576 0.00094090 620165.46103361 0.00705005 -0.01781431 0.99981646 110.73079795
0.41316211 -0.91042143 -0.02073379 5736393.39311697 0.91062426 0.41323445 0.00086531 620165.66758980 0.00778012 -0.01923821 0.99978466 110.72824982
0.41354669 -0.91020342 -0.02255814 5736393.49245991 0.91045651 0.41359643 0.00263284 620165.87027152 0.00693355 -0.02162700 0.99974207 110.72435606
0.41386714 -0.91005345 -0.02273130 5736393.59202794 0.91032290 0.41387196 0.00471311 620166.07047661 0.00511866 -0.02264343 0.99973050 110.72002531
0.41383843 -0.91006434 -0.02281759 5736393.69580725 0.91034304 0.41380554 0.00636658 620166.27776775 0.00364805 -0.02340657 0.99971937 110.71612153
0.41353206 -0.91018673 -0.02348099 5736393.79352097 0.91048448 0.41347834 0.00732603 620166.47382667 0.00304083 -0.02440863 0.99969744 110.71274625
0.41332788 -0.91027290 -0.02373415 5736393.90097742 0.91057862 0.41325962 0.00794184 620166.69299115 0.00257913 -0.02489440 0.99968676 110.70731687
0.41356929 -0.91015131 -0.02418768 5736394.00221011 0.91046817 0.41350464 0.00785038 620166.90339610 0.00285668 -0.02526879 0.99967661 110.70441624
0.41373537 -0.91006445 -0.02461198 5736394.09232096 0.91039085 0.41368217 0.00745418 620167.09029401 0.00339775 -0.02549058 0.99966929 110.70519160
0.41376940 -0.91008681 -0.02317046 5736394.20558958 0.91037825 0.41370410 0.00776921 620167.32215223 0.00251506 -0.02430855 0.99970134 110.70682481
0.41368191 -0.91020988 -0.01962801 5736394.30930827 0.91042133 0.41357321 0.00949729 620167.53458186 -0.00052690 -0.02179862 0.99976224 110.70559011
0.41345472 -0.91037650 -0.01642618 5736394.40782619 0.91051109 0.41328269 0.01292170 620167.73837156 -0.00497495 -0.02029875 0.99978158 110.70089382
0.41308852 -0.91055675 -0.01562920 5736394.51628372 0.91064784 0.41284133 0.01680905 620167.96448209 -0.00885321 -0.02117632 0.99973656 110.69599508
0.41225286 -0.91089446 -0.01785651 5736394.62011829 0.91101182 0.41192711 0.01932680 620168.17590936 -0.01024910 -0.02423502 0.99965375 110.69360032
0.41154995 -0.91118210 -0.01933462 5736394.72867740 0.91133551 0.41120802 0.01937943 620168.39328720 -0.00970764 -0.02559593 0.99962523 110.69330772
0.41121172 -0.91130640 -0.02062932 5736394.83568257 0.91150243 0.41088441 0.01836643 620168.60871096 -0.00826118 -0.02635617 0.99961848 110.69363361
0.41117456 -0.91128659 -0.02218622 5736394.95216555 0.91152709 0.41084353 0.01805424 620168.82924356 -0.00733752 -0.02764679 0.99959082 110.69354201
0.41091528 -0.91136888 -0.02356677 5736395.06242124 0.91164384 0.41055593 0.01869081 620169.05813232 -0.00735874 -0.02916484 0.99954753 110.68944636
0.41032609 -0.91163534 -0.02352676 5736395.16756579 0.91190423 0.40994907 0.01929873 620169.27552515 -0.00794863 -0.02937292 0.99953692 110.68472216
0.40938173 -0.91206873 -0.02317802 5736395.27534590 0.91232975 0.40901711 0.01895856 620169.49591126 -0.00781131 -0.02890728 0.99955158 110.68277246
0.40818646 -0.91259919 -0.02337806 5736395.38652482 0.91287790 0.40787100 0.01718113 620169.72192279 -0.00614426 -0.02835442 0.99957905 110.68597232
0.40723008 -0.91300410 -0.02423167 5736395.49081608 0.91331784 0.40697390 0.01492525 620169.93527057 -0.00376516 -0.02820923 0.99959495 110.69242423
0.40647704 -0.91327518 -0.02654942 5736395.60300085 0.91366087 0.40629018 0.01233291 620170.16770381 -0.00047657 -0.02927021 0.99957142 110.70113664
0.40568314 -0.91355307 -0.02901689 5736395.71143253 0.91400912 0.40557793 0.00968828 620170.39177901 0.00291785 -0.03045207 0.99953197 110.70875843
0.40473786 -0.91390904 -0.03094407 5736395.80802990 0.91441730 0.40469596 0.00788516 620170.58946890 0.00531662 -0.03148721 0.99949001 110.71278182
0.40357584 -0.91434371 -0.03319832 5736395.93177900 0.91492108 0.40356784 0.00723917 620170.84227320 0.00677868 -0.03329539 0.99942257 110.71326644
0.40296277 -0.91455928 -0.03467473 5736396.04105069 0.91519314 0.40293317 0.00814695 620171.06841684 0.00652073 -0.03501700 0.99936544 110.70926829
0.40263528 -0.91466749 -0.03561205 5736396.14787737 0.91534387 0.40255764 0.00964143 620171.29236679 0.00551720 -0.03647925 0.99931918 110.70318410
0.40217726 -0.91488153 -0.03528781 5736396.25853560 0.91555447 0.40202966 0.01149615 620171.52621346 0.00366913 -0.03693140 0.99931107 110.69586942
0.40126528 -0.91537532 -0.03277507 5736396.36633539 0.91595981 0.40108358 0.01223048 620171.75392585 0.00195006 -0.03492832 0.99938792 110.68971451
0.40000633 -0.91600677 -0.03043890 5736396.47655345 0.91651070 0.39984840 0.01137493 620171.98739065 0.00175143 -0.03244762 0.99947190 110.68649808
0.39893829 -0.91650814 -0.02934393 5736396.58448149 0.91697267 0.39883857 0.00942985 620172.21824319 0.00306095 -0.03066951 0.99952489 110.68662856
0.39806997 -0.91689122 -0.02916828 5736396.68896258 0.91734193 0.39803308 0.00731068 620172.44240162 0.00490684 -0.02966745 0.99954778 110.68852397
0.39717971 -0.91725851 -0.02975073 5736396.80226497 0.91771767 0.39719138 0.00577021 620172.68423000 0.00652396 -0.02959458 0.99954069 110.68957651
0.39618069 -0.91769048 -0.02974949 5736396.91237296 0.91814499 0.39621190 0.00509004 620172.91719665 0.00711602 -0.02933092 0.99954443 110.68827511
0.39503080 -0.91816501 -0.03039201 5736397.02104205 0.91864259 0.39504914 0.00565351 620173.14643815 0.00681549 -0.03015270 0.99952207 110.68491764
0.39370868 -0.91870508 -0.03121626 5736397.13442069 0.91921541 0.39369630 0.00680080 620173.38546957 0.00604179 -0.03137200 0.99948952 110.68029588
0.39251135 -0.91918908 -0.03203568 5736397.23915562 0.91972984 0.39247956 0.00753761 620173.60708478 0.00564486 -0.03242276 0.99945830 110.67578532
0.39137888 -0.91968887 -0.03154302 5736397.35545008 0.92021403 0.39134183 0.00759637 620173.85531487 0.00535780 -0.03199939 0.99947353 110.67161169
0.39079884 -0.91999438 -0.02977598 5736397.46375847 0.92046256 0.39076409 0.00721860 620174.09072192 0.00499431 -0.03022870 0.99953053 110.66970472
0.39044346 -0.92020722 -0.02779523 5736397.55745432 0.92061831 0.39039233 0.00746722 620174.29738367 0.00397965 -0.02850433 0.99958575 110.66820794
0.38972252 -0.92058949 -0.02512661 5736397.67820431 0.92093058 0.38962983 0.00868665 620174.56378288 0.00179324 -0.02652525 0.99964654 110.66541551
0.38863784 -0.92110052 -0.02311853 5736397.78600366 0.92139055 0.38852325 0.00944113 620174.79951913 0.00028585 -0.02497037 0.99968815 110.66307044
0.38737984 -0.92164936 -0.02234540 5736397.88893593 0.92191989 0.38724612 0.01020557 620175.02319648 -0.00075279 -0.02455410 0.99969822 110.66029665
0.38598081 -0.92224815 -0.02184385 5736398.00398646 0.92250559 0.38583357 0.01076528 620175.27295700 -0.00150017 -0.02430627 0.99970343 110.65654564
0.38491202 -0.92269703 -0.02174696 5736398.11112987 0.92295099 0.38475184 0.01129149 620175.50694140 -0.00205144 -0.02441760 0.99969974 110.65251971
0.38401709 -0.92304998 -0.02257450 5736398.21961336 0.92332306 0.38383949 0.01190713 620175.74575883 -0.00232589 -0.02541610 0.99967425 110.64909556
0.38328535 -0.92336085 -0.02229549 5736398.32681999 0.92362380 0.38308282 0.01290813 620175.98254116 -0.00337785 -0.02554014 0.99966809 110.64500985
0.38277220 -0.92358850 -0.02167304 5736398.43036823 0.92383215 0.38255005 0.01377009 620176.21259057 -0.00442687 -0.02529306 0.99967028 110.64124470
0.38222282 -0.92381336 -0.02178522 5736398.54073618 0.92406020 0.38200282 0.01366025 620176.45900711 -0.00429750 -0.02535211 0.99966935 110.63996769
0.38151509 -0.92409075 -0.02241691 5736398.64458892 0.92435674 0.38131402 0.01281564 620176.69068223 -0.00329494 -0.02561058 0.99966657 110.64130730
0.38048896 -0.92451977 -0.02216653 5736398.75201224 0.92478265 0.38031934 0.01158675 620176.92901125 -0.00228182 -0.02490785 0.99968715 110.64384170
0.37937391 -0.92499318 -0.02151841 5736398.86188009 0.92524219 0.37923250 0.01046909 620177.17301142 -0.00152336 -0.02388144 0.99971364 110.64607047
0.37844406 -0.92536877 -0.02174247 5736398.95940157 0.92562380 0.37831862 0.00977802 620177.39123295 -0.00082269 -0.02382578 0.99971579 110.64710928
0.37768440 -0.92570821 -0.02046468 5736399.07395817 0.92593438 0.37758844 0.00851498 620177.64948468 -0.00015516 -0.02216492 0.99975432 110.64660054
0.37730146 -0.92590451 -0.01855918 5736399.17901130 0.92609050 0.37722715 0.00748807 620177.88851062 0.00006779 -0.02001274 0.99979972 110.64453073
0.37704430 -0.92602293 -0.01786405 5736399.27094234 0.92619521 0.37697028 0.00747310 620178.09900465 -0.00018605 -0.01936329 0.99981250 110.64162973
0.37635276 -0.92632338 -0.01684017 5736399.38969329 0.92647631 0.37628069 0.00738162 620178.36872051 -0.00050114 -0.01838011 0.99983095 110.63825633
0.37527710 -0.92677701 -0.01585793 5736399.49781945 0.92691266 0.37522008 0.00654256 620178.61142259 -0.00011328 -0.01715419 0.99985285 110.63611660
0.37410632 -0.92724280 -0.01628625 5736399.59967117 0.92738558 0.37406121 0.00584791 620178.83954396 0.00066962 -0.01729137 0.99985027 110.63447307
0.37295064 -0.92767372 -0.01814643 5736399.71322082 0.92784982 0.37291235 0.00557666 620179.09432337 0.00159371 -0.01891698 0.99981979 110.63288788
0.37223554 -0.92794531 -0.01892624 5736399.82046319 0.92813508 0.37221053 0.00495829 620179.33588465 0.00244352 -0.01941175 0.99980859 110.63230243
0.37189487 -0.92807027 -0.01948776 5736399.92883431 0.92827044 0.37187586 0.00472522 620179.58207897 0.00286169 -0.01984720 0.99979893 110.63225563
0.37171351 -0.92812644 -0.02025781 5736400.03503379 0.92834303 0.37169087 0.00501140 620179.82538405 0.00287843 -0.02066900 0.99978223 110.63151753
0.37149584 -0.92822612 -0.01967532 5736400.11192255 0.92843115 0.37146898 0.00513811 620180.04546938 0.00253944 -0.02017596 0.99979322 110.62759741
0.37149160 -0.92825452 -0.01837232 5736400.22429142 0.92843360 0.37146560 0.00493446 620180.30420720 0.00224425 -0.01889059 0.99981904 110.62494289
0.37150744 -0.92826513 -0.01749479 5736400.32921953 0.92842746 0.37148435 0.00467227 620180.54537887 0.00216194 -0.01797843 0.99983604 110.62205216
0.37167786 -0.92822067 -0.01618504 5736400.43678376 0.92835740 0.37167312 0.00341191 620180.79303417 0.00284854 -0.01629363 0.99986319 110.61934885
0.37217183 -0.92804932 -0.01458033 5736400.54631039 0.92815714 0.37218293 0.00204549 620181.04665954 0.00352824 -0.01429411 0.99989161 110.61602474
0.37275466 -0.92783482 -0.01328567 5736400.64568289 0.92792317 0.37276842 0.00151740 620181.27700297 0.00354459 -0.01289370 0.99991059 110.61224262
0.37344762 -0.92756366 -0.01274867 5736400.76257818 0.92764679 0.37345324 0.00202695 620181.54681593 0.00288091 -0.01258323 0.99991668 110.60737653
0.37395230 -0.92736892 -0.01210626 5736400.87157129 0.92744585 0.37394730 0.00275863 620181.79555189 0.00196883 -0.01225950 0.99992291 110.60362186
0.37413845 -0.92729536 -0.01198855 5736400.96879645 0.92737118 0.37413113 0.00293249 620182.01546188 0.00176601 -0.01221500 0.99992383 110.60205855
0.37412192 -0.92728879 -0.01297283 5736401.09326078 0.92737643 0.37412020 0.00265037 620182.29582360 0.00239573 -0.01302226 0.99991234 110.60107183
0.37412434 -0.92727066 -0.01414564 5736401.20463540 0.92737141 0.37413780 0.00178236 620182.54666032 0.00363969 -0.01378509 0.99989836 110.60040933
0.37433644 -0.92717100 -0.01503918 5736401.31044128 0.92727364 0.37438409 -0.00038279 620182.78537007 0.00598534 -0.01380214 0.99988683 110.59957645
0.37487778 -0.92691679 -0.01708536 5736401.42827068 0.92702799 0.37497950 -0.00307879 620183.05207795 0.00926044 -0.01468443 0.99984929 110.59779830
0.37564020 -0.92659484 -0.01778878 5736401.53837581 0.92670155 0.37577067 -0.00454239 620183.30251983 0.01089345 -0.01477858 0.99983145 110.59355636
0.37654089 -0.92624398 -0.01700136 5736401.65096960 0.92634054 0.37666124 -0.00441830 620183.55916414 0.01049618 -0.01408537 0.99984570 110.58751202
0.37719217 -0.92599670 -0.01600532 5736401.76187874 0.92608812 0.37729065 -0.00354275 620183.81131610 0.00931923 -0.01348604 0.99986563 110.58184301
0.37729120 -0.92596930 -0.01523823 5736401.82426097 0.92604744 0.37738706 -0.00389052 620184.04984529 0.00935322 -0.01264346 0.99987632 110.54516712
0.37722014 -0.92601725 -0.01403639 5736401.94227130 0.92606362 0.37732490 -0.00566527 620184.31458650 0.01054242 -0.01086154 0.99988544 110.54415431
0.37732295 -0.92600299 -0.01207677 5736402.05451929 0.92602296 0.37741385 -0.00634560 620184.56732659 0.01043399 -0.00878903 0.99990694 110.54303692
0.37763178 -0.92588291 -0.01162255 5736402.16364868 0.92590757 0.37771052 -0.00547102 620184.81529065 0.00945548 -0.00869538 0.99991749 110.54120567
0.37815411 -0.92566755 -0.01179193 5736402.27725651 0.92571031 0.37821670 -0.00354266 620185.07291698 0.00773923 -0.00957624 0.99992420 110.53754443
0.37856240 -0.92551157 -0.01090189 5736402.38341017 0.92556173 0.37859527 -0.00104885 620185.31125652 0.00509813 -0.00969332 0.99994002 110.53023776
0.37870639 -0.92546458 -0.00983838 5736402.50433409 0.92551497 0.37870576 0.00199889 620185.58018095 0.00187595 -0.00986256 0.99994960 110.51939476
0.37859258 -0.92551300 -0.00966150 5736402.61749294 0.92556342 0.37857114 0.00403009 620185.83119824 -0.00007233 -0.01046809 0.99994521 110.51078891
0.37846009 -0.92556410 -0.00995224 5736402.71668076 0.92561755 0.37843426 0.00443514 620186.05178472 -0.00033874 -0.01089050 0.99994064 110.50630786
0.37851620 -0.92555113 -0.00897699 5736402.84299315 0.92559463 0.37849576 0.00394131 620186.33447529 -0.00025013 -0.00980090 0.99995194 110.50227501
0.37901833 -0.92536221 -0.00706270 5736402.95500346 0.92538852 0.37899803 0.00407236 620186.58788801 -0.00109166 -0.00807924 0.99996677 110.49785237
0.37952216 -0.92517158 -0.00452442 5736403.05970166 0.92518208 0.37951197 0.00296395 620186.82637219 -0.00102509 -0.00531080 0.99998537 110.49551440
0.37979062 -0.92507035 -0.00198475 5736403.17622178 0.92507209 0.37979154 -0.00009490 620187.09179314 0.00084158 -0.00180000 0.99999803 110.49656172
0.37957295 -0.92516064 -0.00147122 5736403.28572757 0.92515906 0.37957522 -0.00183417 620187.33953692 0.00225534 -0.00066491 0.99999724 110.49795487
0.37899926 -0.92539463 -0.00208030 5736403.39785488 0.92539364 0.37900298 -0.00183333 620187.58891535 0.00248500 -0.00123026 0.99999616 110.49831403
0.37854693 -0.92557568 -0.00344732 5736403.51174849 0.92558056 0.37855047 -0.00041592 620187.83904495 0.00168995 -0.00303333 0.99999397 110.49651197
0.37864870 -0.92552994 -0.00441569 5736403.62173468 0.92554037 0.37864659 0.00133613 620188.08117539 0.00043536 -0.00459282 0.99998936 110.49342941
0.37902290 -0.92536966 -0.00571302 5736403.70153472 0.92538713 0.37901200 0.00292510 620188.30123523 -0.00054149 -0.00639544 0.99997940 110.45587797
0.37965265 -0.92510309 -0.00693805 5736403.81364474 0.92512877 0.37963542 0.00370214 620188.55255645 -0.00079093 -0.00782412 0.99996908 110.45249127
0.38000143 -0.92495700 -0.00731180 5736403.92245806 0.92498590 0.37998910 0.00306116 620188.79693754 -0.00005304 -0.00792655 0.99996858 110.44975028
0.38004525 -0.92493483 -0.00782037 5736404.03818642 0.92496699 0.38004313 0.00181347 620189.05618831 0.00129474 -0.00792278 0.99996778 110.44732337
0.38006860 -0.92493059 -0.00715973 5736404.14436694 0.92495639 0.38007215 0.00091129 620189.29429007 0.00187834 -0.00696879 0.99997395 110.44410875
0.38033241 -0.92482927 -0.00617073 5736404.26223593 0.92484628 0.38034104 -0.00024384 620189.56042563 0.00257249 -0.00561423 0.99998093 110.44029961
