0.48624656 -0.87132446 -0.06601492 5736388.36733283 0.87379937 0.48538417 0.02961199 620156.03989727 0.00624095 -0.07208252 0.99737915 110.65139165
0.48623979 -0.87132718 -0.06602885 5736388.36735056 0.87380298 0.48537873 0.02959454 620156.04061746 0.00626247 -0.07208625 0.99737874 110.65140095
0.48624132 -0.87132723 -0.06601695 5736388.36736657 0.87380237 0.48537789 0.02962635 620156.04130821 0.00622892 -0.07209132 0.99737859 110.65136390
0.48624223 -0.87132819 -0.06599765 5736388.36727171 0.87380213 0.48537638 0.02965817 620156.04197931 0.00619171 -0.07208994 0.99737892 110.65133000
0.48624356 -0.87132822 -0.06598745 5736388.36717837 0.87380152 0.48537650 0.02967414 620156.04273114 0.00617284 -0.07208879 0.99737912 110.65132013
0.48624158 -0.87132887 -0.06599341 5736388.36708665 0.87380248 0.48537600 0.02965405 620156.04354391 0.00619319 -0.07208423 0.99737932 110.65135008
0.48624078 -0.87132937 -0.06599269 5736388.36699233 0.87380270 0.48537789 0.02961678 620156.04426241 0.00622543 -0.07206548 0.99738047 110.65132640
0.48625545 -0.87132087 -0.06599687 5736388.36815574 0.87379460 0.48539161 0.02963092 620156.03392579 0.00621629 -0.07207590 0.99737978 110.65221315
0.48625689 -0.87132168 -0.06597551 5736388.36829517 0.87379429 0.48538802 0.02969868 620156.03360305 0.00614662 -0.07209021 0.99737918 110.65212515
0.48624318 -0.87133492 -0.06590170 5736388.36846770 0.87380332 0.48536014 0.02988786 620156.03475559 0.00594372 -0.07211789 0.99737840 110.65172133
0.48623679 -0.87134289 -0.06584337 5736388.36916129 0.87380863 0.48533401 0.03015588 620156.03674265 0.00567992 -0.07219741 0.99737419 110.65115677
0.48624204 -0.87134408 -0.06578880 5736388.37047524 0.87380770 0.48531514 0.03048486 620156.03992940 0.00536550 -0.07230978 0.99736779 110.65042832
0.48624057 -0.87135438 -0.06566308 5736388.37250229 0.87381098 0.48528348 0.03089198 620156.04422852 0.00494735 -0.07239806 0.99736355 110.64951560
0.48619279 -0.87139346 -0.06549823 5736388.37606557 0.87384047 0.48519681 0.03141480 620156.05089394 0.00440488 -0.07250865 0.99735806 110.64835636
0.48609801 -0.87145379 -0.06539892 5736388.38057069 0.87389515 0.48507229 0.03181409 620156.05871982 0.00399870 -0.07261657 0.99735192 110.64749883
0.48599150 -0.87151599 -0.06536154 5736388.38555940 0.87395540 0.48494866 0.03204303 620156.06725489 0.00377098 -0.07269571 0.99734704 110.64700154
0.48587917 -0.87157512 -0.06540825 5736388.39255863 0.87401826 0.48482723 0.03216583 620156.07927619 0.00367677 -0.07279671 0.99734002 110.64674949
0.48581839 -0.87160492 -0.06546269 5736388.39978958 0.87405211 0.48476338 0.03220831 620156.09176952 0.00366099 -0.07286519 0.99733508 110.64668787
0.48579567 -0.87161802 -0.06545680 5736388.40713052 0.87406461 0.48474345 0.03216883 620156.10472650 0.00369083 -0.07284095 0.99733674 110.64675696
0.48582602 -0.87160743 -0.06537250 5736388.41535063 0.87404737 0.48478400 0.03202604 620156.11966979 0.00377740 -0.07269775 0.99734686 110.64710099
0.48590585 -0.87158265 -0.06510901 5736388.42312261 0.87400258 0.48488097 0.03177939 620156.13427540 0.00387176 -0.07234723 0.99737199 110.64767875
0.48595946 -0.87159268 -0.06457242 5736388.43102604 0.87397247 0.48495955 0.03140645 620156.14949527 0.00394138 -0.07169678 0.99741869 110.64842137
0.48587945 -0.87167738 -0.06402899 5736388.43858280 0.87401667 0.48490439 0.03102582 620156.16417650 0.00400343 -0.07103721 0.99746563 110.64920534
0.48564272 -0.87185035 -0.06346747 5736388.44609820 0.87414750 0.48470102 0.03051349 620156.17849071 0.00415955 -0.07029858 0.99751732 110.65005524
0.48521612 -0.87214537 -0.06267199 5736388.44624151 0.87438283 0.48432830 0.02967761 620156.18979907 0.00447063 -0.06919937 0.99759283 110.65005298
0.48479969 -0.87242436 -0.06200805 5736388.45474159 0.87461322 0.48394436 0.02914724 620156.20466744 0.00457968 -0.06836363 0.99764996 110.65068079
0.48446274 -0.87264115 -0.06158959 5736388.46334461 0.87480067 0.48361102 0.02905438 620156.21970753 0.00443135 -0.06795438 0.99767859 110.65072526
0.48415203 -0.87282017 -0.06149607 5736388.47276599 0.87497364 0.48328930 0.02919892 620156.23586005 0.00423498 -0.06794416 0.99768014 110.65061349
0.48385755 -0.87297721 -0.06158458 5736388.48179315 0.87513666 0.48299072 0.02925389 620156.25119447 0.00420680 -0.06804964 0.99767307 110.65064807
0.48346809 -0.87318721 -0.06166606 5736388.49291920 0.87535135 0.48260830 0.02914162 620156.27010910 0.00431447 -0.06806851 0.99767132 110.65072824
0.48303412 -0.87340842 -0.06193351 5736388.50362035 0.87559057 0.48217219 0.02917436 620156.28850648 0.00438148 -0.06832061 0.99765380 110.65064869
0.48258351 -0.87363994 -0.06218052 5736388.51397294 0.87583921 0.48171160 0.02931896 620156.30603224 0.00433887 -0.06860898 0.99763419 110.65037475
0.48202981 -0.87393269 -0.06236117 5736388.52730568 0.87614413 0.48115292 0.02938239 620156.32876149 0.00432703 -0.06880056 0.99762105 110.64999457
0.48160459 -0.87413550 -0.06280245 5736388.53999080 0.87637698 0.48072945 0.02936979 620156.35075086 0.00451781 -0.06918324 0.99759374 110.64981895
0.48126616 -0.87427868 -0.06340088 5736388.55264979 0.87656176 0.48038885 0.02942834 620156.37299609 0.00472851 -0.06973765 0.99755416 110.64965573
0.48082025 -0.87448011 -0.06400330 5736388.56722854 0.87680554 0.47993741 0.02953184 620156.39832073 0.00489258 -0.07031795 0.99751263 110.64939924
0.48015595 -0.87479355 -0.06470318 5736388.58220313 0.87716848 0.47926643 0.02965053 620156.42331935 0.00507197 -0.07099247 0.99746396 110.64920687
0.47925118 -0.87523776 -0.06540005 5736388.59865549 0.87766162 0.47836238 0.02965660 620156.45017385 0.00532835 -0.07161207 0.99741833 110.64905673
0.47838325 -0.87570770 -0.06546370 5736388.61500787 0.87813347 0.47751573 0.02933143 620156.47774046 0.00557419 -0.07151753 0.99742377 110.64890242
0.47770499 -0.87610152 -0.06514653 5736388.63080266 0.87850236 0.47685415 0.02904702 620156.50575156 0.00561725 -0.07110729 0.99745286 110.64858457
0.47702148 -0.87649169 -0.06490623 5736388.63210564 0.87887428 0.47617364 0.02895969 620156.66131510 0.00552370 -0.07085881 0.99747106 110.63587260
0.47622462 -0.87693640 -0.06475080 5736388.64966997 0.87930636 0.47538433 0.02881075 620156.69316701 0.00551632 -0.07065618 0.99748548 110.63543122
0.47528967 -0.87745254 -0.06462797 5736388.66811880 0.87981216 0.47445584 0.02867421 620156.72501294 0.00550286 -0.07048903 0.99749738 110.63484866
0.47421394 -0.87800596 -0.06501291 5736388.68865271 0.88039315 0.47336235 0.02891332 620156.75885766 0.00538860 -0.07094802 0.99746546 110.63373426
0.47328845 -0.87842138 -0.06613565 5736388.70799286 0.88089222 0.47238687 0.02965705 620156.79070817 0.00519023 -0.07229472 0.99736981 110.63236028
0.47242387 -0.87878636 -0.06745536 5736388.73081383 0.88135890 0.47144043 0.03082877 620156.82887775 0.00470928 -0.07401663 0.99724589 110.63048962
0.47184926 -0.87906221 -0.06788159 5736388.75238990 0.88166968 0.47080202 0.03168638 620156.86584881 0.00410449 -0.07480034 0.99719008 110.62882135
0.47143018 -0.87925712 -0.06826782 5736388.77179146 0.88189568 0.47033521 0.03232354 620156.90062881 0.00368806 -0.07544339 0.99714327 110.62768992
0.47060490 -0.87971489 -0.06806419 5736388.79568110 0.88233812 0.46948233 0.03264636 620156.94369024 0.00323545 -0.07541917 0.99714667 110.62681047
0.46938041 -0.88043985 -0.06713948 5736388.81874726 0.88299115 0.46827236 0.03236704 620156.98418752 0.00294233 -0.07447602 0.99721846 110.62638999
0.46796183 -0.88124947 -0.06641612 5736388.84169907 0.88374511 0.46684998 0.03233679 620157.02389103 0.00250958 -0.07382730 0.99726788 110.62575877
0.46654721 -0.88204512 -0.06580349 5736388.86760736 0.88449438 0.46540812 0.03263391 620157.06922012 0.00184090 -0.07342808 0.99729882 110.62460271
0.46556648 -0.88261175 -0.06514869 5736388.89291875 0.88501202 0.46440716 0.03285900 620157.11442063 0.00125378 -0.07295542 0.99733441 110.62326780
0.46485647 -0.88301745 -0.06471976 5736388.91999966 0.88538564 0.46368304 0.03301976 620157.16336605 0.00085243 -0.07265139 0.99735703 110.62196571
0.46424893 -0.88335888 -0.06442060 5736388.94790572 0.88570446 0.46307977 0.03293533 620157.21363935 0.00073816 -0.07234781 0.99737919 110.62126955
0.46346587 -0.88375278 -0.06465613 5736388.97569493 0.88611441 0.46229627 0.03291523 620157.26328424 0.00080136 -0.07254781 0.99736461 110.62127381
0.46215134 -0.88447737 -0.06415540 5736389.08882011 0.88680083 0.46099365 0.03269783 620157.37613350 0.00065474 -0.07200441 0.99740410 110.63817212
0.46051721 -0.88539917 -0.06318396 5736389.12071035 0.88765072 0.45937514 0.03241432 620157.43194696 0.00032553 -0.07101264 0.99747536 110.63830780
0.45893627 -0.88624370 -0.06284589 5736389.15269911 0.88846918 0.45779788 0.03230514 620157.48939988 0.00014049 -0.07066263 0.99750026 110.63836352
0.45749966 -0.88700754 -0.06254356 5736389.18730548 0.88920978 0.45637899 0.03200270 620157.55208976 0.00015693 -0.07025557 0.99752901 110.63802369
0.45660229 -0.88746377 -0.06262915 5736389.21997233 0.88967085 0.45549696 0.03175367 620157.61167320 0.00034715 -0.07021813 0.99753160 110.63729757
0.45582675 -0.88778490 -0.06371772 5736389.25968392 0.89006819 0.45471849 0.03177584 620157.68390400 0.00076351 -0.07119739 0.99746195 110.63600403
0.45478253 -0.88819623 -0.06542413 5736389.29921579 0.89060206 0.45362807 0.03239660 620157.75344588 0.00090368 -0.07300027 0.99733151 110.63421963
0.45358372 -0.88868592 -0.06707558 5736389.33714912 0.89121308 0.45238317 0.03299549 620157.81839898 0.00102124 -0.07474485 0.99720217 110.63283832
0.45238670 -0.88918540 -0.06852437 5736389.38373817 0.89182062 0.45117823 0.03307856 620157.89992284 0.00150373 -0.07607574 0.99710091 110.63231140
0.45167725 -0.88946847 -0.06952331 5736389.42581549 0.89217727 0.45053895 0.03216173 620157.97744364 0.00271612 -0.07655384 0.99706175 110.63374532
0.45094502 -0.88976991 -0.07041375 5736389.46614212 0.89254173 0.44990795 0.03085603 620158.05379927 0.00422494 -0.07676158 0.99704053 110.63664539
0.44971819 -0.89039598 -0.07034594 5736389.51146888 0.89315414 0.44878971 0.02938495 620158.13849709 0.00540629 -0.07604471 0.99708975 110.63962655
0.44814106 -0.89124921 -0.06960203 5736389.55669586 0.89394441 0.44727172 0.02848513 620158.22060290 0.00574367 -0.07498570 0.99716807 110.64078166
0.44651685 -0.89208232 -0.06936736 5736389.60545773 0.89475969 0.44562219 0.02873969 620158.30790463 0.00527347 -0.07489987 0.99717712 110.63940347
0.44545938 -0.89255895 -0.07003187 5736389.65307987 0.89529266 0.44444989 0.03025455 620158.39486807 0.00412169 -0.07617619 0.99708585 110.63540834
0.44495283 -0.89271228 -0.07128648 5736389.70078362 0.89554820 0.44382461 0.03182968 620158.48327841 0.00322395 -0.07800318 0.99694790 110.63133001
0.44476668 -0.89275753 -0.07187901 5736389.79906221 0.89564227 0.44357570 0.03264227 620158.58033406 0.00274215 -0.07889608 0.99687907 110.78561150
0.44457373 -0.89290144 -0.07128271 5736389.84822512 0.89573946 0.44336144 0.03288547 620158.67322136 0.00224052 -0.07847075 0.99691390 110.78394367
0.44384956 -0.89336553 -0.06996863 5736389.89677553 0.89609899 0.44267143 0.03238230 620158.76635073 0.00204389 -0.07707169 0.99702346 110.78412979
0.44205100 -0.89436703 -0.06854579 5736389.94816965 0.89698506 0.44100760 0.03049768 620158.86385237 0.00295309 -0.07496608 0.99718171 110.78654689
0.44031801 -0.89534765 -0.06687776 5736389.99530148 0.89783204 0.43943879 0.02812781 620158.95247679 0.00420451 -0.07243018 0.99736462 110.78880578
0.43893470 -0.89622735 -0.06413160 5736390.05181854 0.89850795 0.43816321 0.02639052 620159.05897412 0.00444820 -0.06920647 0.99759244 110.78898216
0.43836409 -0.89657969 -0.06310141 5736390.10420103 0.89879066 0.43755267 0.02688873 620159.15942700 0.00350230 -0.06850202 0.99764483 110.78625852
0.43810676 -0.89661916 -0.06431599 5736390.15217417 0.89891852 0.43720646 0.02821370 620159.25132723 0.00282242 -0.07017545 0.99753067 110.78233592
0.43747486 -0.89685833 -0.06527538 5736390.21314547 0.89922617 0.43654754 0.02861024 620159.36446333 0.00283647 -0.07121359 0.99745706 110.77777307
0.43651366 -0.89726571 -0.06610655 5736390.27013075 0.89968864 0.43565784 0.02761505 620159.46834257 0.00402180 -0.07152966 0.99743036 110.77584698
0.43538309 -0.89769365 -0.06773233 5736390.32454174 0.90022908 0.43459258 0.02677488 620159.56918191 0.00540033 -0.07263194 0.99734419 110.77536106
0.43447723 -0.89812764 -0.06779583 5736390.38281794 0.90066104 0.43375756 0.02576932 620159.67987906 0.00626282 -0.07225725 0.99736637 110.77529572
0.43384182 -0.89863306 -0.06511456 5736390.43767199 0.90096501 0.43322376 0.02406698 620159.78588288 0.00658179 -0.06910720 0.99758753 110.77633073
0.43338250 -0.89907625 -0.06197989 5736390.49319070 0.90118761 0.43283130 0.02275891 620159.89615577 0.00636484 -0.06571882 0.99781788 110.77754464
0.43280349 -0.89948649 -0.06004334 5736390.54721713 0.90147171 0.43223844 0.02277468 620160.00461742 0.00546752 -0.06398434 0.99793593 110.77717777
0.43185095 -0.90005360 -0.05838048 5736390.60277885 0.90193639 0.43122387 0.02359508 620160.11267613 0.00393822 -0.06284504 0.99801553 110.77458000
0.43053540 -0.90075474 -0.05727280 5736390.69006022 0.90257103 0.42982050 0.02489715 620160.22375341 0.00219079 -0.06241187 0.99804807 110.91367940
0.42963416 -0.90113263 -0.05809013 5736390.74984703 0.90300235 0.42882358 0.02640265 620160.33448922 0.00111813 -0.06379900 0.99796214 110.90932593
0.42939763 -0.90114772 -0.05958576 5736390.80845803 0.90311537 0.42850210 0.02772322 620160.44465895 0.00054991 -0.06571710 0.99783814 110.90561424
0.42934118 -0.90106627 -0.06120238 5736390.86847678 0.90314235 0.42837047 0.02885548 620160.56021535 0.00021659 -0.06766330 0.99770819 110.90271927
0.42748555 -0.90196862 -0.06089919 5736390.98688251 0.90402209 0.42648411 0.02924665 620160.78826480 -0.00040703 -0.06755674 0.99771535 110.89873659
0.42610244 -0.90270699 -0.05963895 5736391.04799333 0.90467476 0.42513705 0.02867158 620160.90498477 -0.00052731 -0.06617088 0.99780817 110.89730124
0.42501518 -0.90336515 -0.05738912 5736391.10269954 0.90518608 0.42412485 0.02750033 620161.01005789 -0.00050269 -0.06363589 0.99797306 110.89688839
0.42394954 -0.90391824 -0.05655614 5736391.22636287 0.90568319 0.42327118 0.02407211 620161.25971348 0.00217937 -0.06142730 0.99810918 110.90105700
0.42352651 -0.90417754 -0.05557221 5736391.28459105 0.90588007 0.42290114 0.02315024 620161.37690070 0.00256962 -0.06014650 0.99818625 110.90024491
0.42273436 -0.90467135 -0.05352951 5736391.34932197 0.90624818 0.42219885 0.02150290 620161.50306136 0.00314704 -0.05760103 0.99833472 110.89887132
0.42173026 -0.90507821 -0.05456209 5736391.41249478 0.90671427 0.42120040 0.02143500 620161.62551755 0.00358122 -0.05851202 0.99828028 110.89651666
0.42096338 -0.90538623 -0.05536787 5736391.47809698 0.90707267 0.42037808 0.02239305 620161.75323385 0.00300108 -0.05964934 0.99821488 110.89155802
0.42057803 -0.90563868 -0.05415443 5736391.54216959 0.90725434 0.41995352 0.02299144 620161.87880618 0.00192040 -0.05880153 0.99826785 110.88606205
0.42043182 -0.90576389 -0.05318697 5736391.60442216 0.90732396 0.41974497 0.02402890 620162.00053244 0.00056045 -0.05836033 0.99829543 110.87985506
0.42017357 -0.90594619 -0.05211203 5736391.67104642 0.90744376 0.41947828 0.02416208 620162.13528081 -0.00002968 -0.05744100 0.99834890 110.87701614
0.41951975 -0.90630927 -0.05105567 5736391.73383149 0.90774614 0.41887773 0.02320331 620162.26232197 0.00035671 -0.05607983 0.99842622 110.87709390
0.41844948 -0.90685271 -0.05018156 5736391.80202907 0.90823864 0.41790771 0.02134754 620162.39835796 0.00161219 -0.05450970 0.99851194 110.87900531
0.41742205 -0.90737253 -0.04933487 5736391.87027063 0.90870710 0.41699507 0.01914476 620162.53332552 0.00320097 -0.05282240 0.99859879 110.88151064
0.41670685 -0.90772307 -0.04893086 5736391.93105902 0.90902987 0.41636316 0.01750474 620162.65369915 0.00448355 -0.05177396 0.99864876 110.88330221
0.41591010 -0.90809627 -0.04878474 5736392.00768777 0.90938878 0.41563106 0.01621339 620162.80523701 0.00555313 -0.05110761 0.99867771 110.88383327
0.41518132 -0.90845500 -0.04831130 5736392.07689180 0.90971959 0.41493085 0.01557749 620162.94198063 0.00589440 -0.05041722 0.99871085 110.88303854
0.41476076 -0.90868747 -0.04754568 5736392.13894973 0.90990997 0.41453576 0.01496463 620163.06676528 0.00611122 -0.04946903 0.99875696 110.88209379
0.41454021 -0.90881460 -0.04703651 5736392.21441229 0.91000762 0.41434594 0.01426787 620163.22128367 0.00652254 -0.04871818 0.99879127 110.88020922
0.41433059 -0.90899711 -0.04532556 5736392.28413468 0.91010124 0.41417566 0.01320021 620163.36399492 0.00677379 -0.04672010 0.99888505 110.87808584
0.41396526 -0.90924868 -0.04358427 5736392.35112347 0.91026707 0.41383799 0.01232776 620163.50056321 0.00682783 -0.04477659 0.99897369 110.87625918
0.41342910 -0.90952747 -0.04285048 5736392.42522402 0.91051400 0.41329040 0.01246208 620163.65159615 0.00637509 -0.04416815 0.99900377 110.87345376
0.41292132 -0.90982809 -0.04133788 5736392.49633601 0.91074856 0.41277401 0.01243669 620163.79553254 0.00574795 -0.04278379 0.99906782 110.87026584
0.41230567 -0.91019477 -0.03936402 5736392.57076029 0.91103019 0.41216477 0.01200827 620163.94508170 0.00529460 -0.04081289 0.99915278 110.86663207
0.41162791 -0.91051081 -0.03914747 5736392.64360618 0.91134041 0.41145936 0.01264324 620164.09176666 0.00459579 -0.04088098 0.99915345 110.86194157
0.41091979 -0.91080272 -0.03979103 5736392.69551039 0.91166280 0.41071499 0.01356985 620164.22929028 0.00398332 -0.04185212 0.99911588 110.85590251
0.41048481 -0.91102127 -0.03927429 5736392.77210956 0.91185912 0.41028412 0.01341220 620164.38643650 0.00389482 -0.04131812 0.99913845 110.85193720
0.41033312 -0.91113695 -0.03816011 5736392.84611325 0.91192379 0.41018228 0.01206241 620164.53700141 0.00466209 -0.03974872 0.99919883 110.84986372
0.41017066 -0.91120901 -0.03818596 5736392.92126185 0.91198738 0.41008820 0.01032837 620164.69209906 0.00624831 -0.03906151 0.99921727 110.84939335
0.40949656 -0.91150082 -0.03845546 5736392.99869385 0.91227729 0.40948309 0.00858755 620164.85088596 0.00791930 -0.03859862 0.99922341 110.84861152
0.40867250 -0.91195138 -0.03648927 5736393.06972057 0.91264217 0.40869760 0.00710941 620164.99505074 0.00842964 -0.03620706 0.99930876 110.84720501
0.40793416 -0.91242500 -0.03271615 5736393.15392653 0.91298642 0.40792583 0.00723251 620165.16623162 0.00674664 -0.03281979 0.99943851 110.84407450
0.40780333 -0.91255432 -0.03067677 5736393.23088421 0.91305871 0.40773372 0.00877581 620165.32559439 0.00449955 -0.03158849 0.99949083 110.84123408
0.40788674 -0.91255296 -0.02958880 5736393.30003409 0.91302669 0.40778586 0.00964167 620165.47014891 0.00326736 -0.03094807 0.99951565 110.83974436
0.40744962 -0.91280921 -0.02764344 5736393.38672033 0.91322290 0.40735876 0.00909802 620165.64893585 0.00295604 -0.02895160 0.99957644 110.83791412
0.40655417 -0.91327218 -0.02544849 5736393.46735900 0.91361579 0.40652757 0.00644399 620165.81324160 0.00446040 -0.02586997 0.99965537 110.83636974
0.40551251 -0.91375017 -0.02490441 5736393.54448725 0.91406699 0.40554318 0.00403306 620165.97143517 0.00641461 -0.02439976 0.99968170 110.83469694
0.40456479 -0.91413960 -0.02600218 5736393.62772064 0.91447734 0.40462492 0.00314082 620166.14353702 0.00764998 -0.02504907 0.99965695 110.83201844
0.40411526 -0.91427565 -0.02812268 5736393.70765492 0.91467761 0.40416169 0.00426636 620166.30867000 0.00746548 -0.02744729 0.99959537 110.82856490
0.40422936 -0.91422598 -0.02809780 5736393.79025515 0.91463960 0.40422360 0.00613800 620166.47867153 0.00574628 -0.02818052 0.99958633 110.82411850
0.40419579 -0.91426591 -0.02726933 5736393.87231862 0.91466553 0.40412936 0.00815037 620166.64732382 0.00356873 -0.02823666 0.99959490 110.81987935
0.40403544 -0.91434840 -0.02687678 5736393.93038934 0.91474077 0.40392934 0.00950798 620166.80387881 0.00216272 -0.02842685 0.99959354 110.81504515
0.40360392 -0.91457371 -0.02566728 5736394.01539911 0.91493253 0.40349139 0.00965215 620166.98315425 0.00152893 -0.02737948 0.99962394 110.81135584
0.40290728 -0.91489252 -0.02524664 5736394.09900006 0.91523990 0.40279234 0.00970880 620167.15783711 0.00128664 -0.02701848 0.99963411 110.80734468
0.40235416 -0.91514153 -0.02504214 5736394.18206616 0.91548356 0.40223296 0.00992446 620167.33243251 0.00099049 -0.02691882 0.99963713 110.80230231
0.40216331 -0.91521764 -0.02532482 5736394.26775822 0.91556621 0.40206261 0.00917477 620167.51342025 0.00178525 -0.02687631 0.99963717 110.80069313
0.40191989 -0.91531207 -0.02577246 5736394.34383399 0.91567120 0.40183840 0.00849457 620167.67229408 0.00258118 -0.02701323 0.99963174 110.80168402
0.40140613 -0.91552683 -0.02614835 5736394.44034900 0.91589771 0.40130759 0.00914353 620167.87137396 0.00212239 -0.02761948 0.99961626 110.80336319
0.40122251 -0.91563280 -0.02524020 5736394.52696065 0.91598060 0.40107591 0.01084683 620168.05163038 0.00019152 -0.02747152 0.99962257 110.80336861
0.40142139 -0.91560844 -0.02284824 5736394.60418680 0.91588891 0.40121562 0.01317344 620168.21573073 -0.00289465 -0.02621455 0.99965215 110.80010206
0.40168379 -0.91554747 -0.02056628 5736394.69875880 0.91574984 0.40139248 0.01692062 620168.41998014 -0.00723648 -0.02563031 0.99964530 110.79319408
0.40146419 -0.91564234 -0.02063021 5736394.78591409 0.91582420 0.40110360 0.01954311 620168.60618311 -0.00961965 -0.02673950 0.99959615 110.78802043
0.40071269 -0.91593409 -0.02222802 5736394.87148764 0.91614841 0.40030386 0.02070999 620168.78315114 -0.01007102 -0.02866292 0.99953840 110.78525077
0.39985420 -0.91628283 -0.02328932 5736394.96714018 0.91653359 0.39945315 0.02008400 620168.97688063 -0.00909963 -0.02937611 0.99952701 110.78497496
0.39951226 -0.91639219 -0.02480546 5736395.05673769 0.91669316 0.39911545 0.01950687 620169.16191392 -0.00797570 -0.03053223 0.99950196 110.78532721
0.39934208 -0.91644780 -0.02548199 5736395.14859135 0.91677072 0.39894458 0.01935648 620169.35567181 -0.00757331 -0.03109100 0.99948787 110.78384751
0.39910677 -0.91655526 -0.02530295 5736395.23771944 0.91687206 0.39870869 0.01941678 620169.54611144 -0.00770804 -0.03094893 0.99949125 110.78075893
0.39868326 -0.91675982 -0.02455766 5736395.34891963 0.91705005 0.39827771 0.01985144 620169.71806392 -0.00841824 -0.03043504 0.99950130 110.94525775
0.39790864 -0.91711980 -0.02366392 5736395.44461513 0.91738022 0.39750182 0.02014550 620169.92001945 -0.00906938 -0.02972488 0.99951697 110.94041929
0.39706997 -0.91748436 -0.02361942 5736395.53776859 0.91774637 0.39667421 0.01977805 620170.11443462 -0.00877683 -0.02952991 0.99952536 110.93869651
0.39640188 -0.91775908 -0.02416245 5736395.63052245 0.91804846 0.39604434 0.01832795 620170.30755507 -0.00725124 -0.02944753 0.99954003 110.94135161
0.39602184 -0.91789399 -0.02524537 5736395.72581908 0.91822705 0.39571402 0.01641648 620170.50761864 -0.00507864 -0.02968227 0.99954648 110.94700668
0.39570000 -0.91798653 -0.02687448 5736395.81810091 0.91837609 0.39544545 0.01443106 620170.70263376 -0.00262013 -0.03039125 0.99953465 110.95382080
0.39509810 -0.91817158 -0.02929909 5736395.91410716 0.91863892 0.39490241 0.01243475 620170.90497338 0.00015304 -0.03182823 0.99949334 110.96012688
0.39407564 -0.91853496 -0.03158982 5736396.01038248 0.91907477 0.39393274 0.01088899 620171.10502936 0.00244235 -0.03332449 0.99944160 110.96350499
0.39307992 -0.91889109 -0.03357586 5736396.10348114 0.91949658 0.39296424 0.01025454 620171.29744732 0.00377131 -0.03490374 0.99938356 110.96325538
0.39249142 -0.91907548 -0.03536596 5736396.20480846 0.91974652 0.39236873 0.01063583 620171.50961811 0.00410137 -0.03670219 0.99931783 110.95983693
0.39260637 -0.91897322 -0.03672124 5736396.30066250 0.91969885 0.39245392 0.01157335 620171.71460841 0.00377579 -0.03831626 0.99925853 110.95469207
0.39301662 -0.91878135 -0.03713179 5736396.39475551 0.91952602 0.39283147 0.01246316 620171.91806975 0.00313562 -0.03904188 0.99923266 110.94903114
0.39309224 -0.91881176 -0.03554485 5736396.49316169 0.91949717 0.39287573 0.01317653 620172.13042946 0.00185796 -0.03786298 0.99928121 110.94314683
0.39259634 -0.91913793 -0.03245880 5736396.58931611 0.91971067 0.39237600 0.01316691 620172.33691425 0.00063385 -0.03502198 0.99938634 110.93873611
0.39177414 -0.91956449 -0.03023536 5736396.68878522 0.92006134 0.39157613 0.01246014 620172.55131779 0.00038154 -0.03269994 0.99946514 110.93637734
0.39116969 -0.91985096 -0.02933406 5736396.78554459 0.92031703 0.39102863 0.01063841 620172.76112658 0.00168471 -0.03115806 0.99951305 110.93671490
0.39069789 -0.92006982 -0.02875214 5736396.84178185 0.92051271 0.39061977 0.00851789 620172.94795081 0.00339410 -0.02979463 0.99955028 110.93226751
0.39014444 -0.92028173 -0.02947633 5736396.94247143 0.92073896 0.39011918 0.00684045 620173.16984704 0.00520414 -0.02980877 0.99954207 110.93267348
0.38939691 -0.92056538 -0.03048648 5736397.04264079 0.92104968 0.38939512 0.00623957 620173.38347722 0.00612736 -0.03050923 0.99951570 110.93125606
0.38860484 -0.92087811 -0.03114146 5736397.14378302 0.92138391 0.38860018 0.00644959 620173.59777423 0.00616229 -0.03119958 0.99949418 110.92739582
0.38798895 -0.92111369 -0.03184572 5736397.24694947 0.92164755 0.38795695 0.00742987 620173.81737946 0.00551102 -0.03223324 0.99946518 110.92200414
0.38753343 -0.92128484 -0.03243576 5736397.34061953 0.92184275 0.38747422 0.00834754 620174.01798075 0.00487755 -0.03313562 0.99943896 110.91702569
0.38689299 -0.92153714 -0.03291075 5736397.45073046 0.92211273 0.38682275 0.00873353 620174.25430556 0.00468236 -0.03372636 0.99942014 110.91185032
0.38621570 -0.92185680 -0.03189789 5736397.55229051 0.92239614 0.38615849 0.00818379 620174.47248098 0.00477336 -0.03258320 0.99945763 110.90851983
0.38587476 -0.92205624 -0.03021520 5736397.64220564 0.92253825 0.38583571 0.00734707 620174.66849601 0.00488369 -0.03070972 0.99951641 110.90743517
0.38577919 -0.92216983 -0.02787863 5736397.75148101 0.92258139 0.38573790 0.00706080 620174.91062540 0.00424258 -0.02844421 0.99958638 110.90638074
0.38565246 -0.92227995 -0.02592047 5736397.85031087 0.92263988 0.38558365 0.00780370 620175.12926317 0.00279731 -0.02692477 0.99963355 110.90423430
0.38524543 -0.92250290 -0.02396576 5736397.94608453 0.92281280 0.38515934 0.00829551 620175.33866942 0.00157801 -0.02531172 0.99967836 110.90175964
0.38476792 -0.92272587 -0.02303515 5736398.05057158 0.92301321 0.38466171 0.00905418 620175.56522209 0.00050622 -0.02474550 0.99969365 110.89816963
0.38445749 -0.92286362 -0.02269773 5736398.14997699 0.92314260 0.38432989 0.00991350 620175.78073289 -0.00042539 -0.02476456 0.99969322 110.89369452
0.38425968 -0.92295476 -0.02233868 5736398.25146545 0.92322412 0.38411238 0.01071935 620176.00121909 -0.00131291 -0.02474262 0.99969299 110.88871977
0.38405183 -0.92303842 -0.02245578 5736398.35117760 0.92330867 0.38387644 0.01183130 620176.21837120 -0.00230050 -0.02527744 0.99967783 110.88378862
0.38370624 -0.92316363 -0.02320413 5736398.43291141 0.92345009 0.38349934 0.01296854 620176.49049798 -0.00307331 -0.02640396 0.99964663 110.69634101
0.38336132 -0.92332259 -0.02257211 5736398.53702609 0.92358736 0.38312245 0.01426819 620176.71728482 -0.00452626 -0.02631719 0.99964340 110.69115882
0.38327599 -0.92337192 -0.02199584 5736398.63817311 0.92361859 0.38302400 0.01487666 620176.93876005 -0.00531176 -0.02601764 0.99964737 110.68716704
0.38331622 -0.92334034 -0.02261191 5736398.73634916 0.92360503 0.38307076 0.01451000 620177.15531798 -0.00473571 -0.02644640 0.99963902 110.68598071
0.38334397 -0.92330999 -0.02336810 5736398.83905774 0.92359936 0.38312528 0.01338792 620177.38123219 -0.00340829 -0.02671494 0.99963728 110.68691791
0.38320934 -0.92337670 -0.02293616 5736398.93701842 0.92365845 0.38302588 0.01209335 620177.59531482 -0.00238158 -0.02581947 0.99966379 110.68866109
0.38295719 -0.92349334 -0.02244651 5736399.04306718 0.92376451 0.38279847 0.01115659 620177.82682437 -0.00171055 -0.02500779 0.99968579 110.69029676
0.38262927 -0.92361668 -0.02295798 5736399.14513204 0.92390115 0.38247781 0.01083455 620178.05020630 -0.00122606 -0.02535652 0.99967772 110.69086421
0.38242424 -0.92370993 -0.02262008 5736399.24220611 0.92398659 0.38229115 0.01011196 620178.26326800 -0.00069306 -0.02476771 0.99969299 110.69007247
0.38233367 -0.92379814 -0.02044436 5736399.34957926 0.92402427 0.38223181 0.00883163 620178.49992269 -0.00034416 -0.02226771 0.99975198 110.68765786
0.38221451 -0.92385988 -0.01987430 5736399.45156571 0.92407362 0.38212557 0.00824549 620178.72594977 -0.00002320 -0.02151686 0.99976849 110.68461649
0.38206690 -0.92392843 -0.01952260 5736399.55179374 0.92413466 0.38197996 0.00815077 620178.94813485 -0.00007349 -0.02115565 0.99977619 110.68124730
0.38176501 -0.92407258 -0.01858335 5736399.65779392 0.92425938 0.38169417 0.00735993 620179.18080151 0.00029205 -0.01998560 0.99980023 110.67853754
0.38143390 -0.92421928 -0.01808056 5736399.76046145 0.92439571 0.38137924 0.00651589 620179.40499657 0.00087344 -0.01919897 0.99981530 110.67619612
0.38102397 -0.92436288 -0.01933925 5736399.86684168 0.92456403 0.38097286 0.00640588 620179.63710960 0.00144637 -0.02032117 0.99979246 110.67392067
0.38060266 -0.92450571 -0.02075581 5736399.97157460 0.92473674 0.38055185 0.00649991 620179.86476591 0.00188946 -0.02166755 0.99976345 110.67187592
0.38030531 -0.92461155 -0.02147925 5736400.07490678 0.92485773 0.38026316 0.00617323 620180.08929198 0.00245992 -0.02221297 0.99975024 110.67071580
0.38015440 -0.92465275 -0.02235904 5736400.10866031 0.92491925 0.38011095 0.00632785 620180.35165252 0.00264785 -0.02308586 0.99972998 110.53389205
0.38008093 -0.92466509 -0.02308584 5736400.21134724 0.92494920 0.38003455 0.00653557 620180.57749777 0.00273020 -0.02383728 0.99971212 110.53235458
0.38015049 -0.92464631 -0.02268935 5736400.31772015 0.92492066 0.38010653 0.00638828 620180.81247786 0.00271748 -0.02341436 0.99972215 110.52981788
0.38032053 -0.92460176 -0.02163059 5736400.42396317 0.92485099 0.38028160 0.00604613 620181.04839841 0.00263545 -0.02230454 0.99974775 110.52655702
0.38042831 -0.92457105 -0.02103996 5736400.52537452 0.92480681 0.38039190 0.00586307 620181.27412032 0.00258260 -0.02168837 0.99976144 110.52300551
0.38033002 -0.92464483 -0.01951942 5736400.63635014 0.92484557 0.38031437 0.00465250 620181.52005719 0.00312161 -0.01982194 0.99979865 110.51977289
0.38007539 -0.92477676 -0.01818365 5736400.74312087 0.92494864 0.38007491 0.00361700 620181.75678939 0.00356623 -0.01819367 0.99982812 110.51607247
0.37978812 -0.92491421 -0.01716670 5736400.83926813 0.92506730 0.37978812 0.00338658 620181.96977164 0.00338741 -0.01716654 0.99984691 110.51201266
0.37954783 -0.92502204 -0.01666337 5736400.95790059 0.92516746 0.37954152 0.00366255 620182.23288317 0.00293650 -0.01680653 0.99985445 110.50685316
0.37955333 -0.92502093 -0.01659995 5736401.06575148 0.92516695 0.37953607 0.00430038 620182.47179956 0.00232234 -0.01698995 0.99985296 110.50274180
0.37951673 -0.92504115 -0.01630726 5736401.17175130 0.92518290 0.37949338 0.00462344 620182.70535531 0.00191163 -0.01684187 0.99985634 110.50002252
0.37935789 -0.92510800 -0.01621042 5736401.28336038 0.92524740 0.37934024 0.00426963 620182.95049253 0.00219940 -0.01661837 0.99985949 110.49845947
0.37908950 -0.92521227 -0.01653499 5736401.39101397 0.92535592 0.37908045 0.00380000 620183.18726729 0.00275228 -0.01674129 0.99985607 110.49699739
0.37864338 -0.92538242 -0.01722126 5736401.50199402 0.92553199 0.37866276 0.00224741 620183.43138200 0.00444134 -0.01678980 0.99984918 110.49560422
0.37815563 -0.92556079 -0.01831775 5736401.61206350 0.92571305 0.37822634 -0.00042976 620183.67349050 0.00732603 -0.01679446 0.99983212 110.49352476
0.37793295 -0.92563961 -0.01892107 5736401.68433277 0.92578103 0.37804929 -0.00286702 620183.89096682 0.00980692 -0.01643323 0.99981687 110.48535261
0.37812743 -0.92556167 -0.01884794 5736401.79657066 0.92569401 0.37825566 -0.00364180 620184.14497829 0.01050005 -0.01607036 0.99981573 110.47884504
0.37838246 -0.92546032 -0.01870581 5736401.90607402 0.92559951 0.37849453 -0.00272913 620184.38971218 0.00960575 -0.01628143 0.99982131 110.47242137
0.37846318 -0.92543901 -0.01811783 5736402.01486513 0.92557496 0.37855884 -0.00204663 620184.63148800 0.00875269 -0.01599484 0.99983376 110.46704009
0.37817360 -0.92556429 -0.01776176 5736402.12791818 0.92568772 0.37827809 -0.00281661 620184.88080900 0.00932583 -0.01537668 0.99983828 110.46417288
0.37777904 -0.92574119 -0.01691896 5736402.23798789 0.92584240 0.37789040 -0.00383352 620185.12317095 0.00994236 -0.01421607 0.99984952 110.46322548
0.37756117 -0.92584854 -0.01587605 5736402.35158650 0.92593866 0.37765779 -0.00349098 620185.37524704 0.00922783 -0.01338219 0.99986787 110.46165130
0.37757230 -0.92584741 -0.01567549 5736402.46289721 0.92594398 0.37765301 -0.00244066 620185.62401376 0.00817958 -0.01359310 0.99987415 110.45946006
0.37778674 -0.92577422 -0.01480780 5736402.56902058 0.92586897 0.37784311 -0.00110716 620185.86134937 0.00662001 -0.01329181 0.99988975 110.45477075
0.37808362 -0.92567648 -0.01326011 5736402.68688387 0.92576417 0.37809868 0.00144861 620186.12417406 0.00367269 -0.01282343 0.99991103 110.44450839
0.37812338 -0.92569050 -0.01094600 5736402.79988873 0.92575508 0.37810321 0.00393684 620186.37453918 0.00049442 -0.01162193 0.99993234 110.43253732
0.37788539 -0.92580220 -0.00963962 5736402.90862960 0.92585138 0.37784921 0.00540273 620186.61449326 -0.00135953 -0.01096647 0.99993894 110.42364363
0.37746056 -0.92597762 -0.00943233 5736403.02827128 0.92602375 0.37741952 0.00587513 620186.87844304 -0.00188029 -0.01095220 0.99993826 110.41776662
0.37710325 -0.92612298 -0.00945391 5736403.14058102 0.92616854 0.37705791 0.00625848 620187.12656594 -0.00223145 -0.01111601 0.99993573 110.41361662
0.37703487 -0.92615878 -0.00863843 5736403.25553774 0.92619427 0.37698652 0.00673270 620187.38201146 -0.00297898 -0.01053932 0.99994002 110.40925529
0.37694588 -0.92621124 -0.00667352 5736403.36937944 0.92623297 0.37691903 0.00495363 620187.63549450 -0.00207273 -0.00804848 0.99996546 110.40829144
0.37668329 -0.92632372 -0.00583650 5736403.52776156 0.92634210 0.37667507 0.00248982 620187.84313710 -0.00010792 -0.00634447 0.99997987 110.39830374
0.37610269 -0.92656064 -0.00567001 5736403.64873038 0.92657757 0.37610131 0.00134777 620188.10553370 0.00088371 -0.00576061 0.99998302 110.39844302
0.37528129 -0.92689337 -0.00571314 5736403.76119699 0.92691078 0.37527809 0.00166434 620188.35457189 0.00060135 -0.00592017 0.99998229 110.39735386
0.37441873 -0.92723760 -0.00640664 5736403.87734974 0.92725966 0.37440700 0.00298768 620188.61020345 -0.00037160 -0.00705926 0.99997501 110.39422732
0.37381311 -0.92747927 -0.00678019 5736403.99453847 0.92750305 0.37379199 0.00419979 620188.86896851 -0.00136084 -0.00785858 0.99996819 110.39032672
0.37339676 -0.92764141 -0.00750114 5736404.10486343 0.92767009 0.37336866 0.00490345 620189.11459930 -0.00174795 -0.00878951 0.99995984 110.38641247
0.37308109 -0.92776319 -0.00812156 5736404.22493724 0.92779786 0.37305441 0.00464042 620189.38397745 -0.00127543 -0.00926642 0.99995625 110.38252356
0.37271468 -0.92789846 -0.00939238 5736404.33835067 0.92794597 0.37269786 0.00354629 620189.63958556 0.00020992 -0.01003738 0.99994960 110.37968306
0.37238550 -0.92802800 -0.00964783 5736404.44156802 0.92807718 0.37237996 0.00243175 620189.87193545 0.00133593 -0.00985948 0.99995050 110.37707436
0.37214550 -0.92813363 -0.00869959 5736404.56815216 0.92817206 0.37214930 0.00123901 620190.15805662 0.00208758 -0.00853581 0.99996139 110.37308418
0.37188539 -0.92824132 -0.00832524 5736404.68193243 0.92827210 0.37190150 -0.00042068 620190.41660687 0.00348666 -0.00757164 0.99996526 110.37066628
0.37129007 -0.92847477 -0.00884842 5736404.79238744 0.92850206 0.37132119 -0.00212015 620190.66693631 0.00525411 -0.00742859 0.99995860 110.36986601
0.37038180 -0.92883080 -0.00952221 5736404.91268668 0.92885673 0.37042516 -0.00321990 620190.93724061 0.00651801 -0.00765217 0.99994948 110.36873682
0.36942442 -0.92921342 -0.00938234 5736405.02673672 0.92922916 0.36947631 -0.00451972 620191.19167466 0.00766633 -0.00704865 0.99994577 110.36771878
0.36860204 -0.92953772 -0.00960041 5736405.14534656 0.92954182 0.36866651 -0.00608401 620191.45758238 0.00919466 -0.00668140 0.99993541 110.36645280
0.36818803 -0.92970236 -0.00954439 5736405.25738534 0.92970010 0.36825612 -0.00671925 620191.71117409 0.00976169 -0.00639947 0.99993188 110.36363973
0.36764378 -0.92991041 -0.01023079 5736405.36924391 0.92991307 0.36771848 -0.00669413 620191.96515900 0.00998699 -0.00705269 0.99992526 110.35892386
0.36670809 -0.93027155 -0.01095546 5736405.47060957 0.93028652 0.36678466 -0.00600069 620192.20262882 0.00960057 -0.00799121 0.99992198 110.38441432
0.36578809 -0.93064510 -0.00993870 5736405.58569162 0.93065092 0.36585626 -0.00616893 620192.46215346 0.00937722 -0.00699294 0.99993158 110.37818526
0.36494437 -0.93097634 -0.00993269 5736405.69837100 0.93098481 0.36501048 -0.00588544 620192.71786383 0.00910474 -0.00709932 0.99993335 110.37137827
0.36447588 -0.93113876 -0.01174522 5736405.81233744 0.93116795 0.36455315 -0.00521987 620192.97935762 0.00914218 -0.00903426 0.99991740 110.36454869
0.36425609 -0.93122038 -0.01208732 5736405.91722748 0.93124798 0.36434115 -0.00572142 620193.21974759 0.00973182 -0.00917223 0.99991058 110.35946187
0.36400839 -0.93131073 -0.01257803 5736406.03735316 0.93133155 0.36410860 -0.00681729 620193.49460527 0.01092879 -0.00923277 0.99989765 110.35503215
0.36386671 -0.93135509 -0.01336829 5736406.14877325 0.93138489 0.36397442 -0.00669341 620193.75104856 0.01109966 -0.01001552 0.99988824 110.35020303
0.36356426 -0.93147602 -0.01317016 5736406.24988239 0.93150903 0.36366505 -0.00621695 620193.98311242 0.01058047 -0.01000786 0.99989394 110.34573226
0.36285786 -0.93176192 -0.01240573 5736406.37227455 0.93178459 0.36295333 -0.00650739 620194.26395670 0.01056604 -0.00919821 0.99990187 110.34100241
0.36225194 -0.93199969 -0.01225228 5736406.48304560 0.93202038 0.36234633 -0.00656859 620194.51937860 0.01056149 -0.00903989 0.99990336 110.33575901
0.36195822 -0.93213571 -0.01045324 5736406.58766305 0.93213410 0.36203954 -0.00730691 620194.76167468 0.01059552 -0.00709902 0.99991867 110.33100512
0.36196560 -0.93216285 -0.00730206 5736406.70169502 0.93213232 0.36201976 -0.00842828 620195.02806293 0.01050002 -0.00375574 0.99993782 110.32518470
0.36194382 -0.93217034 -0.00742543 5736406.80741444 0.93214357 0.36199804 -0.00811135 620195.27670491 0.01024915 -0.00398572 0.99993953 110.31920507
0.36147415 -0.93235365 -0.00728764 5736406.91933049 0.93232996 0.36152557 -0.00775294 620195.53498784 0.00986315 -0.00399200 0.99994339 110.31241989
0.36076123 -0.93263758 -0.00620346 5736407.02985129 0.93261706 0.36079981 -0.00699368 620195.78656765 0.00876078 -0.00326241 0.99995630 110.30484353
0.36007096 -0.93289824 -0.00705531 5736407.13460135 0.93289303 0.36011088 -0.00554473 620196.02515926 0.00771336 -0.00458535 0.99995974 110.29760967
0.35940120 -0.93314473 -0.00846747 5736407.25192218 0.93315246 0.35944817 -0.00484729 620196.22506311 0.00756684 -0.00615932 0.99995240 110.27104093
0.35910847 -0.93325653 -0.00856531 5736407.36110977 0.93325891 0.35916077 -0.00559829 620196.47662178 0.00830096 -0.00598326 0.99994765 110.26688869
0.35911058 -0.93326919 -0.00694301 5736407.46610272 0.93325385 0.35915468 -0.00672106 620196.72153760 0.00876617 -0.00406599 0.99995331 110.26216871
0.35905369 -0.93330081 -0.00548150 5736407.57578552 0.93326930 0.35908850 -0.00799184 620196.97937006 0.00942713 -0.00224621 0.99995304 110.25723574
0.35881493 -0.93339902 -0.00425581 5736407.67404071 0.93334649 0.35883993 -0.00991111 620197.21043087 0.01077817 -0.00041590 0.99994183 110.25356691
0.35849355 -0.93352560 -0.00351068 5736407.78783141 0.93345533 0.35850976 -0.01148434 620197.47733723 0.01197954 0.00084000 0.99992789 110.24867574
0.35815602 -0.93365525 -0.00348366 5736407.89587837 0.93357724 0.35817130 -0.01211867 620197.72889842 0.01256241 0.00108811 0.99992050 110.24309189
