0.46271701 -0.88298292 -0.07895654 5736388.77396739 0.88647843 0.46156671 0.03334912 620159.09461867 0.00699701 -0.08542448 0.99632008 110.50137112
0.46271846 -0.88298373 -0.07893901 5736388.77342079 0.88647765 0.46156916 0.03333602 620159.09409999 0.00700065 -0.08540286 0.99632191 110.50503315
0.46272054 -0.88298369 -0.07892720 5736388.77266666 0.88647663 0.46157081 0.03334015 620159.09349853 0.00699168 -0.08539429 0.99632270 110.50922529
0.46271732 -0.88298426 -0.07893971 5736388.77216455 0.88647840 0.46156598 0.03335987 620159.09286284 0.00697964 -0.08541454 0.99632105 110.51319414
0.46266650 -0.88300871 -0.07896411 5736388.78863325 0.88650492 0.46151473 0.03336449 620159.10293478 0.00698196 -0.08543870 0.99631897 110.45568218
0.46266912 -0.88300619 -0.07897691 5736388.78814412 0.88650350 0.46151741 0.03336498 620159.10236607 0.00698773 -0.08545026 0.99631793 110.45946032
0.46266782 -0.88300698 -0.07897566 5736388.78758925 0.88650413 0.46151671 0.03335783 620159.10182107 0.00699339 -0.08544584 0.99631827 110.46310184
0.46266699 -0.88300902 -0.07895772 5736388.78705946 0.88650462 0.46151592 0.03335585 620159.10119513 0.00698673 -0.08542903 0.99631976 110.46698852
0.46266689 -0.88301026 -0.07894448 5736388.78652992 0.88650475 0.46151543 0.03335930 620159.10061842 0.00697749 -0.08541890 0.99632069 110.47069114
0.46266802 -0.88301041 -0.07893612 5736388.78605770 0.88650419 0.46151649 0.03335952 620159.10005182 0.00697352 -0.08541158 0.99632135 110.47450691
0.46266524 -0.88301147 -0.07894057 5736388.78548556 0.88650562 0.46151375 0.03335929 620159.09945299 0.00697552 -0.08541545 0.99632100 110.47844421
0.46266310 -0.88301094 -0.07895904 5736388.78500333 0.88650668 0.46151158 0.03336105 620159.09892468 0.00698234 -0.08543264 0.99631948 110.48213370
0.46266555 -0.88300953 -0.07896054 5736388.78451994 0.88650538 0.46151430 0.03335811 620159.09833935 0.00698589 -0.08543259 0.99631946 110.48609400
0.46266610 -0.88300896 -0.07896367 5736388.78402879 0.88650514 0.46151415 0.03336649 620159.09778034 0.00697994 -0.08543924 0.99631893 110.48998382
0.46267144 -0.88300587 -0.07896694 5736388.78352096 0.88650239 0.46151888 0.03337428 620159.09734599 0.00697505 -0.08544570 0.99631841 110.49340606
0.46266701 -0.88301026 -0.07894379 5736388.78294935 0.88650470 0.46151535 0.03336157 620159.09671057 0.00697516 -0.08541934 0.99632067 110.49777834
0.46266769 -0.88301015 -0.07894099 5736388.78240747 0.88650440 0.46151548 0.03336782 620159.09611094 0.00696836 -0.08541975 0.99632069 110.50170682
0.46266805 -0.88300929 -0.07894852 5736388.78191281 0.88650423 0.46151530 0.03337483 620159.09558380 0.00696566 -0.08542966 0.99631985 110.50539276
0.46267134 -0.88300778 -0.07894612 5736388.78135156 0.88650245 0.46151939 0.03336540 620159.09494472 0.00697326 -0.08542314 0.99632036 110.50968768
0.46267571 -0.88300486 -0.07895318 5736388.78088130 0.88650010 0.46152437 0.03335907 620159.09444162 0.00698260 -0.08542643 0.99632001 110.51372597
0.46263637 -0.88302392 -0.07897055 5736388.79748477 0.88652060 0.46148491 0.03336011 620159.10541736 0.00698594 -0.08544262 0.99631860 110.46337854
0.46263847 -0.88302322 -0.07896611 5736388.79701385 0.88651955 0.46148665 0.03336398 620159.10492769 0.00698064 -0.08544046 0.99631882 110.46716499
0.46263474 -0.88302518 -0.07896598 5736388.79655232 0.88652153 0.46148264 0.03336704 620159.10438233 0.00697749 -0.08544179 0.99631873 110.47089259
0.46263599 -0.88302441 -0.07896727 5736388.79607169 0.88652085 0.46148411 0.03336465 620159.10388081 0.00698034 -0.08544182 0.99631871 110.47486200
0.46263860 -0.88302268 -0.07897129 5736388.79565456 0.88651947 0.46148681 0.03336411 620159.10339040 0.00698294 -0.08544512 0.99631841 110.47869903
0.46263758 -0.88302300 -0.07897382 5736388.79518398 0.88651996 0.46148623 0.03335905 620159.10287041 0.00698852 -0.08544502 0.99631838 110.48244737
0.46263503 -0.88302477 -0.07896893 5736388.79468316 0.88652131 0.46148365 0.03335885 620159.10234346 0.00698617 -0.08544061 0.99631877 110.48639182
0.46263616 -0.88302427 -0.07896789 5736388.79430905 0.88652075 0.46148435 0.03336387 620159.10186506 0.00698134 -0.08544201 0.99631869 110.49016186
0.46264078 -0.88302208 -0.07896530 5736388.79382659 0.88651836 0.46148881 0.03336572 620159.10129433 0.00697893 -0.08544053 0.99631883 110.49418763
0.46264167 -0.88302298 -0.07894997 5736388.79335453 0.88651791 0.46149013 0.03335954 620159.10079327 0.00697740 -0.08542407 0.99632025 110.49813720
0.46264065 -0.88302303 -0.07895545 5736388.79304060 0.88651841 0.46148932 0.03335748 620159.10030744 0.00698167 -0.08542799 0.99631989 110.50155264
0.46263655 -0.88302478 -0.07895988 5736388.79252331 0.88652053 0.46148522 0.03335765 620159.09966117 0.00698319 -0.08543202 0.99631953 110.50599141
0.46263410 -0.88302611 -0.07895930 5736388.79204848 0.88652182 0.46148273 0.03335789 620159.09909057 0.00698246 -0.08543165 0.99631957 110.50997398
0.46263923 -0.88302247 -0.07896997 5736388.79160182 0.88651914 0.46148745 0.03336397 620159.09856909 0.00698252 -0.08544387 0.99631852 110.51364488
0.46263519 -0.88302445 -0.07897153 5736388.79112983 0.88652123 0.46148358 0.03336189 620159.09788958 0.00698470 -0.08544432 0.99631846 110.51785096
0.46263189 -0.88302674 -0.07896522 5736388.79064722 0.88652294 0.46148074 0.03335571 620159.09732664 0.00698694 -0.08543589 0.99631917 110.52177132
0.46262035 -0.88303245 -0.07896907 5736388.79160227 0.88652891 0.46146970 0.03334972 620159.10597371 0.00699294 -0.08543662 0.99631907 110.45859244
0.46262479 -0.88303076 -0.07896193 5736388.79112995 0.88652662 0.46147408 0.03334999 620159.10540740 0.00698981 -0.08543039 0.99631962 110.46227609
0.46262732 -0.88302991 -0.07895656 5736388.79066716 0.88652531 0.46147661 0.03334976 620159.10485711 0.00698777 -0.08542549 0.99632006 110.46586479
0.46263066 -0.88302789 -0.07895959 5736388.79018460 0.88652357 0.46147989 0.03335082 620159.10427292 0.00698856 -0.08542865 0.99631978 110.46965186
0.46262922 -0.88302860 -0.07896013 5736388.78965580 0.88652428 0.46147891 0.03334545 620159.10367379 0.00699345 -0.08542666 0.99631992 110.47333076
0.46262466 -0.88303085 -0.07896157 5736388.78918442 0.88652665 0.46147443 0.03334452 620159.10308653 0.00699450 -0.08542753 0.99631983 110.47694844
0.46262929 -0.88302904 -0.07895475 5736388.78865244 0.88652425 0.46147908 0.03334383 620159.10250250 0.00699240 -0.08542113 0.99632040 110.48077784
0.46262601 -0.88303102 -0.07895190 5736388.78810120 0.88652596 0.46147594 0.03334180 620159.10195633 0.00699255 -0.08541769 0.99632069 110.48440655
0.46263088 -0.88302834 -0.07895328 5736388.78760145 0.88652339 0.46148106 0.03333923 620159.10138031 0.00699596 -0.08541769 0.99632067 110.48821762
0.46262703 -0.88303001 -0.07895709 5736388.78699816 0.88652539 0.46147722 0.03333923 620159.10080880 0.00699736 -0.08542110 0.99632037 110.49202533
0.46262518 -0.88303022 -0.07896563 5736388.78648949 0.88652632 0.46147551 0.03333834 620159.10031571 0.00700194 -0.08542827 0.99631972 110.49532042
0.46261939 -0.88303410 -0.07895615 5736388.78591275 0.88652938 0.46146959 0.03333881 620159.09960947 0.00699655 -0.08542012 0.99632046 110.49955692
0.46261456 -0.88303728 -0.07894887 5736388.78531616 0.88653197 0.46146422 0.03334420 620159.09904688 0.00698791 -0.08541621 0.99632085 110.50330925
0.46261329 -0.88303818 -0.07894637 5736388.78476397 0.88653270 0.46146224 0.03335218 620159.09845566 0.00697952 -0.08541770 0.99632078 110.50685689
0.46261413 -0.88303876 -0.07893488 5736388.78411944 0.88653227 0.46146344 0.03334719 620159.09785012 0.00697870 -0.08540520 0.99632186 110.51093289
0.46261927 -0.88303627 -0.07893257 5736388.78352593 0.88652951 0.46146957 0.03333564 620159.09729027 0.00698840 -0.08539777 0.99632243 110.51474441
0.46259024 -0.88305027 -0.07894616 5736388.79148768 0.88654453 0.46144169 0.03332204 620159.11060105 0.00700402 -0.08540374 0.99632181 110.44961459
0.46259000 -0.88304982 -0.07895259 5736388.79090551 0.88654460 0.46144189 0.03331742 620159.11004533 0.00701109 -0.08540730 0.99632145 110.45316519
0.46258423 -0.88305172 -0.07896511 5736388.79042959 0.88654764 0.46143543 0.03332611 620159.10955990 0.00700862 -0.08542246 0.99632017 110.45658824
0.46258506 -0.88305082 -0.07897031 5736388.78985186 0.88654728 0.46143514 0.03333979 620159.10897490 0.00699894 -0.08543340 0.99631930 110.46024908
0.46258798 -0.88304985 -0.07896401 5736388.78926871 0.88654573 0.46143862 0.03333287 620159.10844597 0.00700245 -0.08542459 0.99632003 110.46380894
0.46259063 -0.88304864 -0.07896212 5736388.78880662 0.88654427 0.46144227 0.03332113 620159.10792922 0.00701228 -0.08541746 0.99632057 110.46728095
0.46258435 -0.88305132 -0.07896887 5736388.78832437 0.88654754 0.46143588 0.03332264 620159.10734513 0.00701347 -0.08542418 0.99631999 110.47097252
0.46257862 -0.88305353 -0.07897776 5736388.78786368 0.88655055 0.46142958 0.03332976 620159.10685200 0.00701071 -0.08543541 0.99631905 110.47448775
0.46257868 -0.88305408 -0.07897127 5736388.78737919 0.88655057 0.46142922 0.03333411 620159.10628050 0.00700383 -0.08543167 0.99631941 110.47822026
0.46258475 -0.88305093 -0.07897084 5736388.78679770 0.88654747 0.46143448 0.03334386 620159.10572588 0.00699554 -0.08543576 0.99631912 110.48181846
0.46258266 -0.88305210 -0.07897004 5736388.78638674 0.88654852 0.46143291 0.03333758 620159.10529846 0.00700055 -0.08543216 0.99631940 110.48499613
0.46257132 -0.88305734 -0.07897795 5736388.78585796 0.88655430 0.46142304 0.03332053 620159.10472458 0.00701831 -0.08543136 0.99631934 110.48912533
0.46257592 -0.88305443 -0.07898352 5736388.78538589 0.88655192 0.46142709 0.03332771 620159.10419096 0.00701496 -0.08543958 0.99631866 110.49283749
0.46258840 -0.88304832 -0.07897867 5736388.78493705 0.88654552 0.46143836 0.03334190 620159.10366029 0.00700127 -0.08544176 0.99631857 110.49628621
0.46258997 -0.88304793 -0.07897391 5736388.78435675 0.88654474 0.46143957 0.03334586 620159.10309236 0.00699570 -0.08543936 0.99631881 110.50021267
0.46257873 -0.88305344 -0.07897804 5736388.78387526 0.88655054 0.46142910 0.03333672 620159.10258840 0.00700467 -0.08543888 0.99631879 110.50386706
0.46255921 -0.88306347 -0.07898023 5736388.79262907 0.88656060 0.46141106 0.03331868 620159.11527845 0.00701984 -0.08543262 0.99631922 110.44422665
0.46256072 -0.88306263 -0.07898077 5736388.79223626 0.88655979 0.46141285 0.03331551 620159.11498768 0.00702306 -0.08543162 0.99631928 110.44704287
0.46256663 -0.88305966 -0.07897942 5736388.79167774 0.88655672 0.46141852 0.03331855 620159.11451238 0.00702030 -0.08543178 0.99631929 110.45038852
0.46256232 -0.88306194 -0.07897916 5736388.79119647 0.88655904 0.46141344 0.03332724 620159.11401007 0.00701203 -0.08543561 0.99631902 110.45393738
0.46255600 -0.88306502 -0.07898180 5736388.79072715 0.88656233 0.46140709 0.03332747 620159.11352227 0.00701244 -0.08543811 0.99631880 110.45737220
0.46255943 -0.88306270 -0.07898762 5736388.79026654 0.88656050 0.46141077 0.03332522 620159.11307561 0.00701748 -0.08544220 0.99631842 110.46076148
0.46256436 -0.88305930 -0.07899675 5736388.78978674 0.88655782 0.46141671 0.03331456 620159.11261174 0.00703169 -0.08544532 0.99631805 110.46436108
0.46256029 -0.88306194 -0.07899110 5736388.78932987 0.88655994 0.46141287 0.03331114 620159.11220654 0.00703171 -0.08543876 0.99631861 110.46774931
0.46256337 -0.88306087 -0.07898507 5736388.78874284 0.88655839 0.46141551 0.03331579 620159.11170902 0.00702506 -0.08543554 0.99631893 110.47130754
0.46256255 -0.88306225 -0.07897441 5736388.78825189 0.88655888 0.46141438 0.03331857 620159.11128487 0.00701756 -0.08542738 0.99631969 110.47477594
0.46256681 -0.88306007 -0.07897383 5736388.78774709 0.88655665 0.46141874 0.03331751 620159.11085156 0.00701865 -0.08542635 0.99631977 110.47779790
0.46255812 -0.88306500 -0.07896950 5736388.78717510 0.88656122 0.46140979 0.03331983 620159.11035371 0.00701372 -0.08542366 0.99632003 110.48171165
0.46254721 -0.88307185 -0.07895682 5736388.78669175 0.88656707 0.46139742 0.03333534 620159.10989053 0.00699297 -0.08541968 0.99632052 110.48512708
0.46255530 -0.88306788 -0.07895384 5736388.78614600 0.88656286 0.46140551 0.03333551 620159.10957003 0.00699221 -0.08541706 0.99632075 110.48831199
0.46256967 -0.88306011 -0.07895654 5736388.78558883 0.88655507 0.46142330 0.03329642 620159.10919139 0.00702964 -0.08540124 0.99632184 110.49205101
0.46226305 -0.88321378 -0.07903342 5736388.83636322 0.88671466 0.46111932 0.03325797 620159.15191046 0.00706994 -0.08545402 0.99631703 110.23028190
0.46185917 -0.88341770 -0.07911555 5736388.85371516 0.88692523 0.46071290 0.03327563 620159.16319119 0.00705328 -0.08553823 0.99630992 110.18128925
0.46185101 -0.88342086 -0.07912791 5736388.85370249 0.88692978 0.46070067 0.03332366 620159.16289211 0.00701546 -0.08557147 0.99630734 110.18248473
0.46186315 -0.88341492 -0.07912338 5736388.85358395 0.88692351 0.46071226 0.03333027 620159.16268662 0.00700865 -0.08557041 0.99630747 110.18368895
0.46186997 -0.88341311 -0.07910379 5736388.85337400 0.88691979 0.46072186 0.03329657 620159.16256300 0.00703022 -0.08553740 0.99631016 110.18506896
0.46185715 -0.88342269 -0.07907170 5736388.85326000 0.88692626 0.46071283 0.03324906 620159.16242800 0.00705637 -0.08548708 0.99631429 110.18643081
0.46184773 -0.88342883 -0.07905805 5736388.85314294 0.88693114 0.46070421 0.03323824 620159.16218738 0.00705876 -0.08547005 0.99631574 110.18769438
0.46186334 -0.88341973 -0.07906853 5736388.85302476 0.88692318 0.46071725 0.03326988 620159.16191591 0.00703697 -0.08549385 0.99631385 110.18898580
0.46188047 -0.88340812 -0.07909822 5736388.85301955 0.88691437 0.46073191 0.03330186 620159.16169302 0.00702394 -0.08553483 0.99631042 110.19020740
0.46188774 -0.88340038 -0.07914218 5736388.85290107 0.88691049 0.46073861 0.03331243 620159.16140355 0.00703565 -0.08557863 0.99630658 110.19159813
0.46187066 -0.88340690 -0.07916909 5736388.85288262 0.88691927 0.46072196 0.03330886 620159.16118612 0.00704966 -0.08560098 0.99630456 110.19294549
0.46186579 -0.88340984 -0.07916468 5736388.85268594 0.88692174 0.46071814 0.03329611 620159.16100204 0.00705849 -0.08559121 0.99630534 110.19412440
0.46187375 -0.88340948 -0.07912225 5736388.85251560 0.88691753 0.46072834 0.03326687 620159.16083364 0.00706559 -0.08554001 0.99630968 110.19563063
0.46187784 -0.88340828 -0.07911175 5736388.85232502 0.88691541 0.46073274 0.03326257 620159.16055228 0.00706494 -0.08552868 0.99631066 110.19697819
0.46187397 -0.88340819 -0.07913535 5736388.85220777 0.88691743 0.46072790 0.03327558 620159.16032548 0.00706394 -0.08555564 0.99630835 110.19822407
0.46186638 -0.88340856 -0.07917554 5736388.85220152 0.88692136 0.46071918 0.03329181 620159.16005481 0.00706742 -0.08559884 0.99630462 110.19964102
0.46183749 -0.88341794 -0.07923940 5736388.85996933 0.88693621 0.46069039 0.03329458 620159.17781323 0.00709180 -0.08565698 0.99629945 110.12244135
0.46184055 -0.88341230 -0.07928437 5736388.85974415 0.88693449 0.46069329 0.03330028 620159.17766968 0.00710790 -0.08569946 0.99629568 110.12328522
0.46183671 -0.88341234 -0.07930629 5736388.85961616 0.88693642 0.46068943 0.03330226 620159.17753423 0.00711594 -0.08571984 0.99629387 110.12417384
0.46181544 -0.88342244 -0.07931768 5736388.85939165 0.88694746 0.46066831 0.03330046 620159.17746221 0.00712077 -0.08572928 0.99629302 110.12503313
0.46179973 -0.88342705 -0.07935774 5736388.85917900 0.88695546 0.46065330 0.03329488 620159.17733700 0.00714281 -0.08576235 0.99629002 110.12597114
0.46178669 -0.88342876 -0.07941455 5736388.85901097 0.88696207 0.46064033 0.03329828 620159.17723886 0.00716489 -0.08581439 0.99628538 110.12688772
0.46176994 -0.88343248 -0.07947059 5736388.85883992 0.88697070 0.46062268 0.03331255 620159.17710061 0.00717656 -0.08587082 0.99628043 110.12778247
0.46173272 -0.88344456 -0.07955256 5736388.85864153 0.88698998 0.46058369 0.03333821 620159.17688540 0.00718815 -0.08595566 0.99627303 110.12875948
0.46169951 -0.88345446 -0.07963528 5736388.85852674 0.88700714 0.46054901 0.03336068 620159.17674963 0.00720331 -0.08603967 0.99626567 110.12971946
0.46166197 -0.88346831 -0.07969921 5736388.85838300 0.88702649 0.46051155 0.03336340 620159.17659700 0.00722690 -0.08609792 0.99626047 110.13075930
0.46164837 -0.88347733 -0.07967805 5736388.85828818 0.88703462 0.46048622 0.03349671 620159.17676117 0.00709706 -0.08614089 0.99625769 110.13152040
0.46164249 -0.88348632 -0.07961235 5736388.85861584 0.88703998 0.46045431 0.03379197 620159.17775907 0.00680311 -0.08621914 0.99625297 110.13186351
0.46162442 -0.88351228 -0.07942883 5736388.85997431 0.88705254 0.46040207 0.03417187 620159.18070484 0.00637793 -0.08623211 0.99625466 110.13211016
0.46157738 -0.88355076 -0.07927407 5736388.86196119 0.88707860 0.46033961 0.03433659 620159.18487395 0.00615487 -0.08617133 0.99626132 110.13251194
0.46147526 -0.88360436 -0.07927118 5736388.86466016 0.88713247 0.46022764 0.03444550 620159.19007329 0.00604660 -0.08621978 0.99625779 110.13306341
0.46128876 -0.88369816 -0.07931102 5736388.86856058 0.88722997 0.46003325 0.03453086 620159.19737530 0.00597085 -0.08629581 0.99625167 110.13387801
0.46165040 -0.88352481 -0.07913792 5736388.71280823 0.88704347 0.46037584 0.03475584 620158.95913921 0.00572554 -0.08624382 0.99625761 110.09651367
0.46139902 -0.88365193 -0.07918470 5736388.71689749 0.88717448 0.46012055 0.03479246 620158.96654049 0.00569009 -0.08630385 0.99625261 110.09719397
0.46107151 -0.88380552 -0.07937794 5736388.72167226 0.88734443 0.45979183 0.03480414 620158.97519965 0.00573723 -0.08648277 0.99623683 110.09800007
0.46064521 -0.88400284 -0.07965530 5736388.72702210 0.88756512 0.45936732 0.03478243 620158.98442036 0.00584327 -0.08672163 0.99621545 110.09885208
0.46002347 -0.88428799 -0.08008215 5736388.73338277 0.88788673 0.45874403 0.03480044 620158.99536673 0.00596360 -0.08711290 0.99618060 110.09980826
0.45930137 -0.88461488 -0.08061494 5736388.74020258 0.88825991 0.45801337 0.03490110 620159.00685674 0.00604869 -0.08763714 0.99613410 110.10073066
0.45853296 -0.88497469 -0.08103903 5736388.74737833 0.88865647 0.45723760 0.03497796 620159.01914257 0.00609948 -0.08805440 0.99609699 110.10159301
0.45770499 -0.88537617 -0.08133378 5736388.75548375 0.88908296 0.45640626 0.03499756 620159.03315605 0.00613524 -0.08833104 0.99607228 110.10235473
0.45689447 -0.88576951 -0.08160775 5736388.76338624 0.88949960 0.45559166 0.03502427 620159.04760264 0.00615638 -0.08859245 0.99604893 110.10297792
0.45592312 -0.88624813 -0.08184348 5736388.77264425 0.88999810 0.45461322 0.03507421 620159.06435479 0.00612267 -0.08883168 0.99602783 110.10365444
0.45493568 -0.88681386 -0.08120786 5736388.78198152 0.89050560 0.45362166 0.03503101 620159.08153970 0.00577166 -0.08825291 0.99608138 110.10420610
0.45408699 -0.88732684 -0.08034973 5736388.79024325 0.89094138 0.45276853 0.03498735 620159.09703865 0.00533462 -0.08747420 0.99615250 110.10482477
0.45280098 -0.88806767 -0.07941716 5736388.80085224 0.89159916 0.45146576 0.03506574 620159.11776028 0.00471337 -0.08668607 0.99622453 110.10583674
0.45125870 -0.88892581 -0.07859067 5736388.81066609 0.89238275 0.44992579 0.03492571 620159.13642540 0.00431361 -0.08589349 0.99629499 110.10683169
0.44743551 -0.89100472 -0.07688989 5736388.83186123 0.89430729 0.44615815 0.03402034 620159.17563940 0.00399277 -0.08398510 0.99645901 110.10870193
0.44550849 -0.89211152 -0.07522783 5736388.84329547 0.89527152 0.44424243 0.03372790 620159.19640911 0.00333035 -0.08237540 0.99659581 110.10928215
0.44350764 -0.89323279 -0.07373023 5736388.84251394 0.89626735 0.44222391 0.03380604 620159.26034228 0.00240861 -0.08107524 0.99670507 110.06373199
0.44135687 -0.89435749 -0.07299854 5736388.85520181 0.89732986 0.44005619 0.03390679 620159.28686330 0.00179867 -0.08046876 0.99675551 110.06326846
0.43911101 -0.89547843 -0.07280039 5736388.86917682 0.89843178 0.43778941 0.03407010 620159.31349246 0.00136220 -0.08036674 0.99676443 110.06430406
0.43345321 -0.89826761 -0.07234367 5736388.90529270 0.90117606 0.43206864 0.03461799 620159.38120049 0.00016121 -0.08019966 0.99677881 110.06440157
0.43060510 -0.89965479 -0.07211450 5736388.92516831 0.90254014 0.42916332 0.03521556 620159.41918593 -0.00073294 -0.08025023 0.99677448 110.06334519
0.42738327 -0.90122664 -0.07165248 5736388.94797955 0.90406832 0.42586225 0.03608068 620159.46317411 -0.00200279 -0.08019902 0.99677686 110.06169115
0.42399903 -0.90289476 -0.07075225 5736388.97113963 0.90565711 0.42242752 0.03660860 620159.50730943 -0.00316602 -0.07959929 0.99682191 110.06053573
0.41602260 -0.90658312 -0.07093832 5736389.02485201 0.90934000 0.41431124 0.03803891 620159.61345284 -0.00509489 -0.08033210 0.99675513 110.06031076
0.41218271 -0.90831478 -0.07120167 5736389.05070727 0.91108343 0.41042581 0.03844017 620159.66437988 -0.00569277 -0.08071503 0.99672096 110.06058847
0.40732914 -0.91045252 -0.07182738 5736389.08453671 0.91326067 0.40552794 0.03875609 620159.73259391 -0.00615757 -0.08138360 0.99666383 110.06067245
0.40285547 -0.91245051 -0.07170450 5736389.11622490 0.91524263 0.40107772 0.03830907 620159.79836073 -0.00619606 -0.08106004 0.99668996 110.06101226
0.39326675 -0.91676337 -0.06990130 5736389.18272797 0.91941285 0.39174220 0.03490060 620159.94034472 -0.00461230 -0.07799340 0.99694321 110.06571285
0.38777794 -0.91918325 -0.06877808 5736389.21773354 0.92174521 0.38639036 0.03298892 620160.01525467 -0.00374768 -0.07618824 0.99708641 110.06911364
0.38253205 -0.92148030 -0.06740391 5736389.25240374 0.92393552 0.38123204 0.03170634 620160.13107513 -0.00352024 -0.07440556 0.99722185 110.02495183
0.37792431 -0.92359042 -0.06445118 5736389.28874322 0.92582687 0.37668621 0.03085603 620160.21547202 -0.00422047 -0.07133188 0.99744371 110.02440043
0.36959974 -0.92730632 -0.05915260 5736389.36305913 0.92917712 0.36849580 0.02899513 620160.39002806 -0.00508988 -0.06567984 0.99782777 110.02884746
0.36499896 -0.92915296 -0.05874126 5736389.40136649 0.93099110 0.36388576 0.02902988 620160.47973198 -0.00559809 -0.06528347 0.99785106 110.02985589
0.35995272 -0.93112216 -0.05869886 5736389.44266224 0.93294576 0.35877142 0.02992124 620160.57432593 -0.00680085 -0.06553308 0.99782722 110.02884370
0.35528388 -0.93297374 -0.05773535 5736389.48597615 0.93471965 0.35402800 0.03103802 620160.67460253 -0.00851773 -0.06499367 0.99784932 110.02674727
0.35191658 -0.93431006 -0.05674009 5736389.52496253 0.93597698 0.35059558 0.03209091 620160.76884695 -0.01009003 -0.06440074 0.99787311 110.02500780
0.34520598 -0.93693714 -0.05460432 5736389.61205614 0.93844277 0.34381108 0.03345323 620160.98755784 -0.01257001 -0.06279128 0.99794752 110.02504746
0.34157996 -0.93835227 -0.05308620 5736389.65178503 0.93975973 0.34020639 0.03333552 620161.08550414 -0.01322020 -0.06127502 0.99803337 110.02630058
0.33701521 -0.94011932 -0.05095497 5736389.70219086 0.94139896 0.33569571 0.03280828 620161.21048738 -0.01373833 -0.05902584 0.99816191 110.02830010
0.33346998 -0.94146986 -0.04931819 5736389.74779617 0.94265316 0.33218517 0.03252752 620161.32647589 -0.01424091 -0.05733690 0.99825331 110.02956946
0.32863866 -0.94323223 -0.04805821 5736389.83938712 0.94435222 0.32742361 0.03150658 620161.56793479 -0.01398263 -0.05573816 0.99834751 110.03273354
0.32706246 -0.94383979 -0.04686786 5736389.88579893 0.94492982 0.32601875 0.02862528 620161.69273317 -0.01173787 -0.05364910 0.99849086 110.03834756
0.32515774 -0.94445737 -0.04767303 5736389.92290604 0.94560882 0.32420338 0.02676053 620161.85419420 -0.00981842 -0.05378143 0.99850446 109.98750127
0.32319841 -0.94514911 -0.04728571 5736389.97197531 0.94629225 0.32232788 0.02521349 620161.98527195 -0.00858900 -0.05289506 0.99856314 109.99138538
0.31919092 -0.94655149 -0.04644825 5736390.07443659 0.94765783 0.31838979 0.02392865 620162.25792664 -0.00786105 -0.05165486 0.99863406 109.99487931
0.31808900 -0.94693981 -0.04609099 5736390.12632133 0.94802698 0.31729057 0.02390679 620162.39910784 -0.00801406 -0.05129999 0.99865113 109.99414774
0.31764605 -0.94717769 -0.04421996 5736390.17781851 0.94816928 0.31685825 0.02399741 620162.54131962 -0.00871836 -0.04955069 0.99873356 109.99175116
0.31755595 -0.94733887 -0.04131924 5736390.23170833 0.94819248 0.31680448 0.02378964 620162.69420236 -0.00944673 -0.04673313 0.99886274 109.98975310
0.31718856 -0.94755367 -0.03915936 5736390.28280438 0.94831472 0.31648761 0.02312549 620162.84079280 -0.00951919 -0.04447053 0.99896534 109.99024581
0.31652633 -0.94786776 -0.03684832 5736390.33885827 0.94854388 0.31591811 0.02145351 620163.00069770 -0.00869404 -0.04174285 0.99909056 109.99392811
0.31602940 -0.94813166 -0.03423106 5736390.39399522 0.94872095 0.31553477 0.01914071 620163.15639090 -0.00734682 -0.03852475 0.99923064 109.99945873
0.31597530 -0.94821423 -0.03239424 5736390.44454216 0.94875025 0.31558000 0.01679939 620163.29800653 -0.00570644 -0.03604223 0.99933398 110.00528919
0.31654323 -0.94806529 -0.03118642 5736390.50937191 0.94857207 0.31625307 0.01396470 620163.47999892 -0.00337665 -0.03400300 0.99941603 110.01291709
0.31739137 -0.94778894 -0.03096522 5736390.56871589 0.94829305 0.31716174 0.01219560 620163.64625998 -0.00173787 -0.03323488 0.99944606 110.01846332
0.31817073 -0.94751198 -0.03143926 5736390.62527363 0.94803314 0.31796959 0.01133609 620163.80387744 -0.00074435 -0.03341227 0.99944138 110.02196090
0.31888721 -0.94726780 -0.03153811 5736390.69120175 0.94779263 0.31870103 0.01089882 620163.98585669 -0.00027288 -0.03336708 0.99944313 110.02334488
0.31931675 -0.94715816 -0.03046683 5736390.75453774 0.94764803 0.31914643 0.01042909 620164.15982282 -0.00015462 -0.03220201 0.99948137 110.02269320
0.32008259 -0.94694409 -0.02905206 5736390.83669086 0.94738949 0.31991433 0.01039162 620164.35096635 -0.00054611 -0.03084979 0.99952388 109.99653051
0.32079161 -0.94674554 -0.02767001 5736390.90239892 0.94714875 0.32061077 0.01086219 620164.53454846 -0.00141243 -0.02969212 0.99955809 109.99362919
0.32147816 -0.94656460 -0.02583102 5736390.96684630 0.94691441 0.32129395 0.01110376 620164.71420129 -0.00221108 -0.02802938 0.99960465 109.99136241
0.32193261 -0.94648314 -0.02300125 5736391.03701104 0.94675882 0.32176772 0.01064320 620164.90688760 -0.00267255 -0.02520303 0.99967878 109.98970918
0.32218289 -0.94644529 -0.02096447 5736391.10482561 0.94667297 0.32203425 0.01020941 620165.09194880 -0.00291137 -0.02313579 0.99972809 109.98897173
0.32262756 -0.94631868 -0.01980942 5736391.17594116 0.94652210 0.32249552 0.00962061 620165.28696737 -0.00271571 -0.02185393 0.99975749 109.98961565
0.32319478 -0.94615701 -0.01822211 5736391.24950804 0.94633179 0.32311158 0.00741985 620165.48895174 -0.00113256 -0.01964222 0.99980643 109.99197834
0.32371590 -0.94601091 -0.01647347 5736391.31881726 0.94615336 0.32369147 0.00420231 620165.67888445 0.00135689 -0.01694679 0.99985547 109.99505665
0.32413355 -0.94590065 -0.01447088 5736391.39687988 0.94600260 0.32415837 0.00066141 620165.89267989 0.00406523 -0.01390387 0.99989507 109.99782601
0.32454263 -0.94576853 -0.01392705 5736391.47196533 0.94585826 0.32457968 -0.00042449 620166.09849933 0.00492191 -0.01303525 0.99990292 109.99889103
0.32521844 -0.94555189 -0.01282928 5736391.53953168 0.94563019 0.32524380 0.00011547 620166.28200872 0.00406346 -0.01216931 0.99991769 109.99868270
0.32663321 -0.94510767 -0.00906878 5736391.62721765 0.94514803 0.32664184 0.00055412 620166.51813142 0.00243854 -0.00875233 0.99995872 109.99769315
0.32825737 -0.94455869 -0.00748176 5736391.70635789 0.94458606 0.32826364 0.00040895 620166.73301097 0.00206972 -0.00720141 0.99997193 109.99695509
0.32980020 -0.94402804 -0.00654835 5736391.78158113 0.94404675 0.32981107 -0.00062486 620166.93740019 0.00274960 -0.00597587 0.99997836 109.99681504
0.33130342 -0.94351877 -0.00322144 5736391.86881844 0.94351135 0.33131482 -0.00410167 620167.17197234 0.00493732 -0.00168057 0.99998640 109.99697501
0.33262158 -0.94306037 0.00013032 5736391.95128491 0.94303717 0.33261242 -0.00706258 620167.39384566 0.00661709 0.00247206 0.99997505 109.99653961
0.33408024 -0.94254462 0.00015129 5736392.04468714 0.94252129 0.33407084 -0.00709137 620167.63057956 0.00663339 0.00251168 0.99997484 109.95835341
0.33548193 -0.94204258 -0.00276624 5736392.13028608 0.94203464 0.33549103 -0.00406225 620167.85812981 0.00475486 -0.00124309 0.99998792 109.95743475
0.33703873 -0.94148548 -0.00315954 5736392.21731724 0.94148900 0.33704273 -0.00081734 620168.08301155 0.00183442 -0.00269920 0.99999467 109.95487489
0.33867215 -0.94089670 -0.00381658 5736392.30955155 0.94090335 0.33866277 0.00290262 620168.31927648 -0.00143853 -0.00457407 0.99998850 109.95079434
0.34030352 -0.94029188 -0.00668561 5736392.39955022 0.94030982 0.34026779 0.00593872 620168.55185243 -0.00330923 -0.00830751 0.99996002 109.94869572
0.34166119 -0.93978833 -0.00809459 5736392.48884776 0.93981315 0.34160505 0.00756562 620168.78142652 -0.00434493 -0.01019228 0.99993862 109.95015367
0.34306936 -0.93929550 -0.00523282 5736392.58204190 0.93928805 0.34301785 0.00875836 620169.02110814 -0.00643174 -0.00791985 0.99994795 109.95214995
0.34448126 -0.93879301 -0.00058173 5736392.67018062 0.93874318 0.34445645 0.01053595 620169.25079965 -0.00969070 -0.00417553 0.99994433 109.95198787
0.34594177 -0.93824404 0.00473353 5736392.76431014 0.93815532 0.34597415 0.01290291 620169.49862854 -0.01374376 -0.00002287 0.99990555 109.94930804
0.34763755 -0.93758339 0.00924743 5736392.85519625 0.93745543 0.34774605 0.01581142 620169.74015845 -0.01804028 0.00317241 0.99983223 109.94326528
0.34903167 -0.93704751 0.01090204 5736392.93612281 0.93689391 0.34917759 0.01745882 620169.95249333 -0.02016649 0.00412038 0.99978815 109.93923631
0.34972582 -0.93681556 0.00827397 5736393.04255233 0.93666312 0.34981902 0.01699575 620170.22048960 -0.01881627 0.00180607 0.99982133 109.94125852
0.34994985 -0.93676122 0.00367634 5736393.14112790 0.93664147 0.34996434 0.01509022 620170.46014794 -0.01542252 -0.00183741 0.99987938 109.94736604
0.35034762 -0.93661912 -0.00108637 5736393.23562095 0.93653970 0.35030227 0.01347994 620170.68715832 -0.01224501 -0.00574009 0.99990855 109.95307529
0.35122724 -0.93626626 -0.00670163 5736393.34100087 0.93623644 0.35112133 0.01323399 620170.94231751 -0.01003745 -0.01092245 0.99988997 109.95797939
0.35240624 -0.93579359 -0.01001013 5736393.43969439 0.93580692 0.35227180 0.01303779 620171.18472744 -0.00867440 -0.01396215 0.99986490 109.96267428
0.35370892 -0.93529166 -0.01093255 5736393.57290093 0.93533584 0.35360143 0.01062489 620171.42482998 -0.00607160 -0.01398373 0.99988379 109.96385161
0.35478049 -0.93490212 -0.00942521 5736393.67139393 0.93494439 0.35472675 0.00692228 620171.67172001 -0.00312828 -0.01126793 0.99993162 109.97343150
0.35557763 -0.93461758 -0.00738396 5736393.76620216 0.93464664 0.35556275 0.00328338 620171.91056273 -0.00044324 -0.00806889 0.99996735 109.98224840
0.35609316 -0.93443215 -0.00585061 5736393.86738886 0.93444888 0.35609708 0.00039238 620172.16402950 0.00171673 -0.00560682 0.99998281 109.98942428
0.35624516 -0.93438078 -0.00468530 5736393.96848098 0.93438717 0.35625562 -0.00159982 620172.41254153 0.00316400 -0.00380796 0.99998774 109.99319232
0.35663556 -0.93423403 -0.00422604 5736394.06847036 0.93423538 0.35664774 -0.00257795 620172.65671020 0.00391562 -0.00302872 0.99998775 109.99390023
0.35760412 -0.93386020 -0.00494216 5736394.17164803 0.93386683 0.35761630 -0.00182173 620172.90984704 0.00346864 -0.00396386 0.99998613 109.99149516
0.35865901 -0.93344810 -0.00619361 5736394.26939604 0.93346652 0.35866447 0.00024388 620173.14901601 0.00199378 -0.00586899 0.99998079 109.98733515
0.35968663 -0.93304553 -0.00718025 5736394.37796661 0.93307298 0.35968074 0.00214056 620173.41224519 0.00058536 -0.00746963 0.99997193 109.98361276
0.36046528 -0.93274006 -0.00779447 5736394.48262545 0.93277259 0.36045519 0.00271190 620173.66436428 0.00028006 -0.00824802 0.99996595 109.98247753
0.36124898 -0.93243094 -0.00846822 5736394.57572030 0.93246922 0.36123955 0.00267110 620173.88960760 0.00056844 -0.00886129 0.99996058 109.98327733
0.36234744 -0.93200437 -0.00849616 5736394.69212161 0.93204144 0.36234890 0.00142115 620174.17247352 0.00175405 -0.00843372 0.99996290 109.98601539
0.36340708 -0.93160339 -0.00710062 5736394.79648205 0.93162567 0.36341908 -0.00043385 620174.42719337 0.00298468 -0.00645746 0.99997470 109.98848742
0.36426289 -0.93128249 -0.00504664 5736394.89528663 0.93128727 0.36427774 -0.00239647 620174.66853430 0.00407017 -0.00382692 0.99998439 109.98997434
0.36514869 -0.93094444 -0.00298245 5736395.00621605 0.93093958 0.36515761 -0.00338026 620174.93960440 0.00423590 -0.00154219 0.99998984 109.98946232
0.36591478 -0.93064703 -0.00157477 5736395.10642563 0.93063877 0.36591817 -0.00392091 620175.21020899 0.00422522 -0.00003082 0.99999107 109.97292741
0.36655663 -0.93039538 0.00082211 5736395.21290433 0.93038467 0.36654781 -0.00520342 620175.47312878 0.00453990 0.00267223 0.99998612 109.96743693
0.36705869 -0.93019454 0.00245602 5736395.32090065 0.93018500 0.36703852 -0.00621242 620175.73122513 0.00487731 0.00456488 0.99997769 109.96675437
0.36758910 -0.92998424 0.00275077 5736395.42595070 0.92997801 0.36756950 -0.00579348 620175.98182865 0.00437675 0.00468777 0.99997943 109.96634412
0.36807702 -0.92979281 0.00215229 5736395.53728535 0.92978955 0.36806560 -0.00437136 620176.24608005 0.00327227 0.00361018 0.99998813 109.96630704
0.36855837 -0.92960154 0.00238807 5736395.64638229 0.92960224 0.36855042 -0.00320488 620176.50277178 0.00209913 0.00340114 0.99999201 109.96664300
0.36902778 -0.92941360 0.00297751 5736395.75387377 0.92941769 0.36902174 -0.00239125 620176.75580557 0.00112370 0.00364979 0.99999271 109.96673864
0.36950640 -0.92922127 0.00358418 5736395.86518787 0.92922808 0.36950174 -0.00190839 620177.01981100 0.00044896 0.00403568 0.99999176 109.96586997
0.36991364 -0.92905377 0.00479547 5736395.96863900 0.92906614 0.36990929 -0.00179611 620177.26663184 -0.00010521 0.00511971 0.99998689 109.96470851
0.37030972 -0.92888951 0.00591567 5736396.08240065 0.92890784 0.37030862 -0.00131998 620177.53853792 -0.00096451 0.00598391 0.99998163 109.96329585
0.37069029 -0.92872002 0.00823631 5736396.19196707 0.92875371 0.37069649 -0.00081675 620177.79948125 -0.00229464 0.00795227 0.99996575 109.96058653
0.37122739 -0.92848266 0.01049654 5736396.28891798 0.92853527 0.37124400 -0.00039098 620178.03099054 -0.00353376 0.00989156 0.99994483 109.95810495
0.37194405 -0.92818497 0.01141453 5736396.41072646 0.92824416 0.37197135 0.00029099 620178.32265684 -0.00451597 0.01048724 0.99993481 109.95732858
0.37228373 -0.92805117 0.01121849 5736396.52101067 0.92810839 0.37231002 0.00027523 620178.58439904 -0.00443218 0.01030951 0.99993703 109.95920426
0.37237114 -0.92800992 0.01171818 5736396.62632812 0.92807561 0.37239152 -0.00047377 620178.83130912 -0.00392409 0.01105178 0.99993123 109.96214817
0.37236300 -0.92800981 0.01198321 5736396.74565488 0.92808207 0.37237272 -0.00149202 620179.11012213 -0.00307761 0.01167697 0.99992709 109.96582241
0.37247498 -0.92798068 0.01068876 5736396.85752405 0.92804025 0.37247332 -0.00221973 620179.37299813 -0.00192141 0.01074639 0.99994041 109.96852506
0.37278429 -0.92786197 0.01019956 5736396.95845735 0.92791771 0.37277078 -0.00326608 620179.65348059 -0.00077163 0.01068189 0.99994265 109.98254505
0.37296917 -0.92778716 0.01024619 5736397.07283031 0.92784374 0.37294712 -0.00405546 620179.92264305 -0.00005868 0.01101943 0.99993928 109.98337802
0.37308703 -0.92773897 0.01031849 5736397.18404250 0.92779627 0.37305922 -0.00457149 620180.18396663 0.00039175 0.01127902 0.99993631 109.98359156
0.37297357 -0.92777287 0.01132327 5736397.30148826 0.92784157 0.37293436 -0.00547548 620180.45936502 0.00085717 0.01254841 0.99992090 109.98368057
0.37259792 -0.92792852 0.01092924 5736397.41304178 0.92799107 0.37254806 -0.00636542 620180.72089195 0.00183499 0.01251398 0.99992001 109.98498509
0.37220274 -0.92811176 0.00858393 5736397.53003518 0.92814759 0.37215857 -0.00632893 620180.99583196 0.00267937 0.01032280 0.99994313 109.98709697
0.37194200 -0.92823648 0.00601571 5736397.64791729 0.92825084 0.37191060 -0.00573386 620181.27189547 0.00308507 0.00771675 0.99996547 109.98935363
0.37175376 -0.92831827 0.00493187 5736397.75924525 0.92832719 0.37173089 -0.00497774 620181.53202029 0.00278760 0.00642889 0.99997545 109.99093087
0.37161225 -0.92837456 0.00500075 5736397.88108789 0.92838586 0.37159433 -0.00416591 620181.81776799 0.00200927 0.00619073 0.99997882 109.99083701
0.37148804 -0.92841935 0.00584289 5736397.99786948 0.92843687 0.37147170 -0.00371042 620182.09391763 0.00127436 0.00680313 0.99997605 109.98897217
0.37135695 -0.92846855 0.00633776 5736398.10083259 0.92848915 0.37133768 -0.00402888 620182.33901741 0.00138724 0.00738070 0.99997180 109.98763822
0.37099215 -0.92860375 0.00773990 5736398.23146806 0.92863361 0.37095939 -0.00536138 620182.64962076 0.00210740 0.00917656 0.99995567 109.98573578
0.37070463 -0.92870461 0.00926378 5736398.34876665 0.92874829 0.37066191 -0.00603014 620182.92849092 0.00216649 0.01083912 0.99993891 109.98366136
0.37061592 -0.92874497 0.00875393 5736398.45931899 0.92878497 0.37058349 -0.00513421 620183.19246992 0.00152431 0.01003334 0.99994850 109.98167675
0.37048700 -0.92881176 0.00693490 5736398.58472335 0.92883733 0.37047038 -0.00359247 620183.48974434 0.00076755 0.00777236 0.99996950 109.98108392
0.37001552 -0.92900508 0.00617001 5736398.70421377 0.92902527 0.37000185 -0.00326852 620183.76841764 0.00075355 0.00694150 0.99997562 109.98235985
0.36998052 -0.92902329 0.00548979 5736398.87601436 0.92903673 0.36995849 -0.00463389 620184.04203113 0.00227400 0.00681466 0.99997419 109.96119065
0.36978028 -0.92910864 0.00443552 5736398.99667968 0.92911214 0.36975459 -0.00567278 620184.32693270 0.00363057 0.00621877 0.99997407 109.96373254
0.36975695 -0.92912723 0.00154495 5736399.11206129 0.92911594 0.36974278 -0.00581844 620184.60215627 0.00483483 0.00358685 0.99998188 109.96472993
0.36971525 -0.92914409 -0.00138050 5736399.23598489 0.92912488 0.36971659 -0.00605008 620184.89710000 0.00613179 0.00095415 0.99998075 109.96385309
0.36937933 -0.92927867 0.00027699 5736399.35869377 0.92925645 0.36936840 -0.00703066 620185.18669430 0.00643113 0.00285437 0.99997525 109.96081141
0.36880303 -0.92950621 0.00159298 5736399.47801124 0.92948769 0.36878339 -0.00717195 620185.46974682 0.00607891 0.00412569 0.99997301 109.95828627
0.36810789 -0.92978219 0.00129172 5736399.60117156 0.92976264 0.36809023 -0.00714186 620185.76316448 0.00616491 0.00382997 0.99997366 109.95726265
0.36755936 -0.92999799 0.00196498 5736399.71722530 0.92997497 0.36753310 -0.00812321 620186.03954523 0.00683238 0.00481314 0.99996508 109.95804771
0.36737437 -0.93006490 0.00391836 5736399.84406309 0.93005129 0.36733358 -0.00840458 620186.34347221 0.00637746 0.00673191 0.99995700 109.95827975
0.36743325 -0.93004507 0.00299520 5736399.96538385 0.93003648 0.36740875 -0.00655483 620186.63710893 0.00499582 0.00519411 0.99997403 109.95753921
0.36729711 -0.93010348 0.00060015 5736400.07275343 0.93009674 0.36729180 -0.00409682 620186.89524332 0.00359004 0.00206294 0.99999143 109.95649740
0.36641728 -0.93044970 -0.00131883 5736400.21090358 0.93044884 0.36641898 -0.00144159 620187.22058153 0.00182457 -0.00069888 0.99999809 109.95342651
0.36558862 -0.93077569 -0.00125946 5736400.33483036 0.93077615 0.36558937 -0.00042120 620187.51064019 0.00085249 -0.00101829 0.99999912 109.94925401
0.36536614 -0.93086284 -0.00140266 5736400.45052548 0.93086336 0.36536712 -0.00051748 620187.78676319 0.00099419 -0.00111662 0.99999888 109.94696443
0.36559037 -0.93077557 -0.00072686 5736400.57742238 0.93077497 0.36559099 -0.00109224 620188.09545271 0.00128237 -0.00027723 0.99999914 109.94550723
0.36569439 -0.93072608 0.00407253 5736400.69735727 0.93073414 0.36568465 -0.00294979 620188.38853290 0.00125618 0.00486916 0.99998736 109.94364399
0.36670274 -0.93028891 0.00957292 5736400.93843253 0.93033488 0.36665469 -0.00643025 620188.65629771 0.00247203 0.01126401 0.99993350 109.92532468
0.36623810 -0.93044510 0.01189825 5736401.05980516 0.93051148 0.36614599 -0.00924657 620188.95324482 0.00424693 0.01445791 0.99988646 109.92740739
